1000 9883
820 986
307 521
218 116
203 1000
911 269
30 287
750 398
808 881
254 761
226 570
833 450
100 199
602 129
234 781
491 114
826 585
904 307
373 554
228 355
30 569
764 467
217 982
971 205
222 321
504 158
445 254
975 224
636 215
1 946
347 708
356 542
105 794
948 378
477 830
706 308
302 315
819 207
549 986
515 710
493 564
406 222
978 916
286 879
659 333
865 270
387 488
329 850
814 321
377 212
340 456
895 190
157 883
638 404
552 127
154 708
827 807
176 640
408 407
596 104
762 336
581 252
605 230
958 251
36 167
849 572
352 116
6 523
888 422
742 257
779 265
28 771
603 973
859 615
325 335
258 280
866 613
387 932
923 534
528 166
141 621
642 178
440 518
99 779
512 682
106 449
931 176
590 919
410 737
162 94
917 222
627 750
390 182
659 337
256 255
280 316
501 822
262 892
708 196
410 899
553 797
751 102
521 511
632 470
725 519
962 347
892 24
310 643
436 54
8 277
941 987
356 333
138 920
268 991
802 355
720 24
99 421
998 871
179 381
588 231
263 913
217 163
914 11
18 84
354 300
403 754
922 526
795 820
235 835
417 465
31 370
907 152
554 181
826 830
187 548
387 38
62 484
321 830
929 575
605 518
537 798
980 200
279 125
265 983
639 379
987 970
77 391
313 225
459 537
226 356
799 523
123 980
92 669
308 834
62 849
304 437
819 374
508 717
491 793
737 961
849 655
452 900
970 857
790 36
304 147
733 166
987 288
864 443
519 303
480 436
618 230
719 868
546 506
379 535
200 162
312 476
884 212
915 738
134 117
945 888
621 999
358 663
34 57
779 241
822 177
668 559
885 863
483 307
85 459
466 703
547 762
846 938
8 674
355 845
656 802
221 780
707 369
655 241
751 856
592 63
189 351
227 20
172 659
947 815
105 688
514 918
995 27
227 101
899 961
829 384
260 141
874 891
627 839
967 502
870 711
299 830
156 861
585 629
736 743
398 902
903 671
944 980
182 628
145 487
153 521
929 371
991 547
297 563
571 501
2 8
595 507
867 638
232 755
124 929
343 641
328 166
292 833
224 119
277 243
81 914
482 691
512 628
70 458
135 350
607 753
903 240
259 78
673 679
546 431
675 17
824 821
901 991
349 931
709 714
814 535
449 545
977 264
885 642
742 789
212 768
217 686
919 119
419 666
739 529
258 772
336 44
599 101
214 205
238 199
223 273
501 671
194 57
364 745
38 878
630 756
406 898
214 704
119 113
411 824
735 283
937 464
919 576
977 983
541 206
9 965
731 114
288 156
237 407
899 940
645 176
21 886
14 481
189 412
536 609
946 320
31 678
433 403
533 952
889 378
249 155
801 572
70 987
731 831
588 668
607 128
887 472
504 839
286 643
143 970
40 41
59 263
22 137
593 835
398 493
671 756
843 391
277 309
867 525
45 953
945 363
733 460
384 421
258 386
472 758
907 514
89 830
54 824
992 185
223 915
220 31
837 463
140 817
414 400
271 553
222 896
903 212
907 17
940 731
56 699
76 518
591 353
483 540
252 280
3 793
264 535
228 808
409 594
485 199
180 651
925 207
669 4
698 443
916 502
969 61
82 548
377 972
763 835
765 353
142 890
589 51
755 311
811 121
134 494
747 939
694 726
830 438
53 367
835 284
126 979
215 614
712 756
487 682
95 988
708 677
912 766
969 995
697 332
740 278
352 206
374 60
946 405
505 195
674 612
87 665
400 305
143 667
200 995
554 222
402 355
354 40
248 539
84 129
191 687
752 219
95 259
903 854
139 224
785 51
640 858
1 716
805 341
301 418
451 589
749 548
54 762
697 889
644 656
317 600
267 367
262 224
14 936
399 858
475 448
511 390
95 117
900 969
461 685
318 782
338 56
999 429
768 551
805 628
296 604
723 471
102 48
999 258
141 648
848 797
958 713
751 457
279 738
450 416
50 550
128 164
315 694
63 828
10 136
292 718
99 1000
190 433
337 931
161 157
215 966
401 654
937 508
6 487
134 168
742 989
48 297
199 466
674 196
267 614
318 518
551 142
251 112
786 797
255 600
238 878
20 421
313 405
377 664
74 618
654 80
865 593
687 668
635 71
673 358
195 998
288 196
680 582
967 470
313 631
633 618
317 71
636 971
855 715
610 778
496 438
313 736
943 100
70 912
936 270
813 568
335 276
188 415
182 617
53 799
11 595
148 29
931 642
70 178
645 588
706 938
528 342
608 740
862 313
844 796
334 374
372 45
378 634
669 547
954 323
950 421
447 642
512 617
864 444
258 765
7 474
928 985
546 392
529 606
604 438
36 442
101 156
310 184
756 408
447 70
157 111
517 588
699 953
426 704
439 738
522 82
975 988
725 918
651 826
925 183
46 832
51 726
762 128
533 306
826 300
266 824
656 803
173 936
142 989
714 239
954 571
811 478
62 212
565 227
558 819
166 118
186 784
995 26
961 414
467 469
731 64
60 348
243 974
961 15
530 28
568 407
44 554
843 47
718 905
782 275
728 221
767 324
605 364
240 983
580 825
264 423
563 13
306 222
507 675
606 109
245 27
526 306
841 175
281 889
474 831
607 333
311 128
232 895
995 551
23 21
221 179
116 415
905 924
127 825
258 302
789 151
497 673
280 953
106 503
215 315
896 323
608 93
609 500
116 812
915 590
163 981
112 955
483 624
746 310
30 7
418 253
935 256
404 440
579 490
7 877
323 168
313 130
389 61
434 460
11 455
621 748
108 961
199 410
163 640
590 281
99 286
81 383
152 532
937 582
958 172
523 497
318 207
123 117
667 991
14 196
604 764
166 3
600 488
389 864
156 109
375 411
730 134
902 931
126 974
86 325
969 599
201 573
776 49
652 604
322 551
736 248
274 322
442 672
942 749
355 437
857 987
966 151
862 68
149 551
46 145
781 226
880 163
787 625
495 522
41 887
459 544
26 197
391 319
943 882
110 951
308 827
862 358
491 992
300 146
423 533
245 273
489 199
699 436
883 403
846 261
849 615
44 263
501 431
952 170
267 32
965 153
181 426
861 472
657 893
537 386
360 523
562 636
91 341
291 311
440 731
408 121
949 806
440 330
663 932
821 284
120 252
876 921
988 739
21 356
849 35
736 951
63 249
104 998
30 498
345 508
459 324
8 231
837 915
552 797
294 150
133 28
962 228
726 373
674 784
674 334
850 985
292 282
756 916
460 249
498 900
636 98
235 571
245 929
678 891
570 592
165 284
276 731
961 469
472 134
471 840
577 229
575 342
407 160
320 330
653 648
852 818
32 190
70 794
877 170
661 857
739 89
888 893
652 576
725 22
606 267
75 833
347 996
614 822
942 265
856 74
896 929
911 534
961 785
467 88
235 691
365 649
886 469
887 516
418 671
44 453
157 738
710 918
123 808
452 930
366 680
544 888
154 820
447 617
395 2
310 435
520 765
280 834
259 71
101 278
241 659
96 250
341 712
62 536
551 581
632 139
428 456
854 542
691 72
214 441
361 155
803 332
684 57
834 586
358 632
397 840
36 342
8 569
959 454
821 481
988 630
113 788
316 751
298 942
542 69
156 256
602 240
855 134
234 732
863 651
77 770
760 636
778 359
800 787
602 99
34 727
679 37
220 185
1 987
342 793
347 693
520 257
666 371
164 936
796 502
853 131
144 629
456 807
420 962
886 885
152 820
118 227
970 304
612 147
90 74
121 208
403 613
408 825
134 791
782 931
269 52
731 969
36 769
2 401
865 447
882 631
331 455
739 450
995 812
445 339
545 409
785 30
678 291
438 516
19 674
743 267
690 149
936 45
795 370
689 971
407 648
391 263
782 620
2 34
899 304
387 740
933 636
301 22
709 425
379 858
348 30
269 760
737 48
166 832
478 694
337 450
83 162
954 697
839 683
520 665
741 617
983 956
803 10
571 38
789 227
388 716
194 623
727 443
855 358
233 19
984 885
751 305
57 285
298 581
258 540
320 953
107 919
237 988
2 537
389 439
281 598
465 209
251 832
91 187
54 301
242 5
704 786
669 256
652 269
319 923
46 833
475 649
132 382
423 169
178 748
431 674
952 507
610 747
686 896
32 425
469 76
198 634
734 600
898 912
386 605
868 134
484 655
477 572
793 939
658 657
464 595
584 932
36 583
971 100
221 605
661 800
995 106
133 391
283 38
891 845
485 948
326 504
787 886
320 33
691 466
213 794
417 985
899 225
475 346
819 438
141 158
731 834
963 474
2 760
26 238
901 240
272 98
492 948
610 480
996 921
481 188
210 786
178 169
954 501
828 414
483 951
791 481
125 342
591 105
923 547
72 173
435 893
475 184
537 421
77 420
24 272
335 988
125 440
162 418
642 888
383 992
223 863
404 91
189 987
723 383
65 14
841 712
699 230
771 661
902 441
432 819
987 35
643 317
55 755
483 448
1000 182
102 682
190 728
327 723
717 71
149 491
280 374
670 71
786 576
255 829
200 525
400 591
699 565
539 792
162 600
782 428
215 751
843 654
366 361
39 445
186 979
971 875
542 300
912 773
485 613
514 969
15 180
273 829
916 673
810 108
796 399
579 809
895 579
113 143
791 644
774 266
744 887
853 187
787 909
986 988
685 997
994 483
668 96
247 973
964 907
507 608
254 210
645 336
350 494
49 577
560 167
572 379
693 490
299 141
45 661
282 249
410 50
766 545
19 730
848 642
230 354
321 518
714 87
341 634
109 671
457 198
349 80
796 529
88 422
749 291
36 142
681 695
365 966
477 268
634 80
34 443
110 662
120 196
223 925
793 958
791 415
685 248
889 805
214 688
750 998
457 945
691 115
103 436
594 69
922 508
689 479
841 740
771 753
745 64
926 47
767 755
223 593
133 889
426 245
281 526
890 673
906 138
712 373
930 276
270 301
971 480
150 882
497 25
47 965
213 301
962 268
161 322
164 871
575 115
707 331
435 507
692 445
687 926
436 371
331 111
647 951
815 433
820 25
587 318
308 309
743 691
545 774
984 226
982 317
307 119
91 732
611 5
815 151
655 382
587 28
540 142
818 808
732 678
344 159
681 96
22 824
689 605
848 384
239 711
81 685
813 756
799 417
658 995
54 760
607 388
650 979
391 179
124 884
982 872
948 808
81 275
936 848
576 122
724 791
362 944
400 669
791 419
480 427
922 318
580 310
174 419
699 64
774 402
423 320
584 128
819 987
380 803
378 508
716 901
664 792
2 643
591 327
578 930
6 187
686 425
141 390
309 410
34 704
193 641
746 271
54 326
661 230
756 676
993 702
765 402
604 784
329 994
780 6
617 139
360 252
379 72
639 785
612 394
924 798
178 600
125 533
774 992
118 454
800 899
587 333
539 494
388 466
284 775
69 659
22 747
986 997
209 708
982 345
112 9
631 930
928 497
598 297
246 373
883 865
717 693
739 453
340 120
639 356
417 941
531 465
623 831
899 21
114 861
995 700
482 385
136 583
283 744
47 371
948 750
473 650
761 95
980 191
358 255
412 803
555 929
183 992
666 458
461 766
822 729
325 415
272 293
475 302
37 619
934 747
315 409
500 907
477 469
712 787
90 651
732 206
92 45
595 62
651 368
135 35
428 47
174 447
20 801
334 129
814 655
940 379
97 865
163 827
692 198
366 946
993 617
228 226
29 975
157 186
233 844
548 573
492 559
901 299
868 978
225 816
964 840
200 530
555 152
49 982
976 115
629 979
471 700
845 335
542 305
467 761
215 699
847 577
293 285
169 775
759 446
502 141
321 76
243 239
450 872
218 508
660 651
535 521
583 108
781 393
393 472
867 86
705 919
815 222
251 493
936 349
94 101
574 339
562 651
472 413
37 203
919 253
633 870
544 241
139 567
1000 979
491 216
957 283
761 138
709 362
165 760
480 134
813 316
582 123
953 841
292 253
240 518
887 892
89 807
257 243
741 571
909 971
74 31
92 49
384 250
438 596
900 786
653 454
586 955
382 350
21 108
931 405
560 210
79 474
281 279
218 981
211 594
711 949
480 859
241 555
121 833
994 858
975 525
301 590
116 627
64 126
493 119
935 96
5 235
940 442
523 354
428 742
731 455
159 854
942 823
190 56
13 545
216 403
658 278
313 148
553 628
646 511
61 821
613 888
905 183
563 431
601 864
881 691
126 773
950 897
530 570
991 63
721 463
47 247
484 563
730 311
491 265
812 817
118 40
155 94
47 100
397 53
880 455
607 124
596 259
763 274
331 398
701 793
260 898
892 741
893 598
589 983
207 903
112 319
993 603
244 788
287 248
14 544
933 310
519 573
767 41
849 724
569 821
989 144
520 707
152 746
202 629
721 675
996 611
93 73
998 209
949 947
966 627
73 736
805 703
20 985
704 526
851 465
379 464
219 11
183 492
702 676
480 605
209 113
357 393
949 853
362 529
493 313
921 201
512 965
700 823
482 648
280 339
959 61
906 139
546 114
307 954
968 960
238 230
812 721
6 280
916 727
77 749
530 305
38 24
389 834
156 115
155 165
606 495
56 327
338 721
32 176
360 605
549 885
562 163
97 926
687 987
123 750
291 554
623 693
274 676
699 483
691 13
253 644
342 703
348 696
888 605
631 767
767 495
314 747
957 323
323 635
362 159
624 198
953 784
934 637
629 123
25 485
387 650
795 281
504 68
963 576
491 974
956 268
244 14
374 921
931 86
510 201
276 257
813 38
764 692
999 319
875 757
548 213
508 506
56 747
491 748
172 65
599 746
67 301
96 363
538 894
958 607
336 314
105 243
676 704
608 246
827 340
73 25
707 234
229 146
254 575
294 470
223 436
663 827
191 42
929 149
68 679
877 695
604 785
769 332
399 57
493 174
886 655
479 879
7 964
413 365
972 988
260 480
924 799
928 346
215 662
412 90
604 678
942 990
636 247
531 133
834 302
675 846
535 936
435 137
539 271
84 160
344 205
198 216
164 344
355 463
342 731
701 896
443 880
26 136
136 584
265 804
37 264
900 650
150 121
875 34
362 243
58 648
790 73
224 240
6 600
401 710
451 443
857 604
839 532
875 288
609 3
719 66
816 419
120 48
822 809
799 186
82 724
969 139
606 688
496 350
920 449
352 131
758 543
194 762
671 124
273 45
606 579
702 770
759 855
210 368
840 7
661 39
609 350
846 29
21 297
423 69
962 409
409 527
85 614
727 155
379 265
91 189
552 953
185 48
16 719
326 150
102 543
307 581
803 584
31 957
408 984
76 343
699 664
341 159
604 539
477 559
649 12
359 527
363 456
199 102
971 137
309 870
498 605
463 541
669 834
528 858
673 263
94 219
323 310
304 777
965 588
199 900
978 969
762 976
361 985
213 792
987 957
221 381
494 819
61 212
524 716
283 326
691 69
784 801
14 730
634 121
818 64
246 594
853 586
12 30
88 460
417 682
780 27
260 266
141 463
24 739
334 448
138 343
266 864
763 802
16 83
89 855
962 680
546 427
177 276
180 925
200 115
491 692
902 300
813 255
580 158
945 783
747 391
659 745
197 618
317 632
628 130
392 564
926 49
761 779
569 724
722 330
872 355
526 746
836 454
820 963
158 238
896 605
347 307
369 479
578 653
929 93
769 692
863 700
664 553
479 167
794 865
414 279
319 782
233 585
786 977
273 674
310 711
425 383
152 545
562 872
924 839
265 454
753 147
365 209
425 136
851 61
907 992
640 677
680 626
277 780
403 705
5 285
868 267
579 952
329 501
80 976
531 298
201 691
916 880
369 581
723 530
779 804
852 886
80 292
948 385
36 859
143 929
495 678
259 188
84 79
113 833
580 463
698 719
484 620
574 430
23 188
966 436
288 715
515 345
80 941
729 560
880 900
755 560
405 477
405 161
514 79
774 549
281 208
323 845
570 342
953 582
491 515
534 485
2 778
741 687
871 818
10 257
546 463
729 835
436 539
842 546
572 671
831 434
196 122
465 125
621 794
290 96
936 690
96 319
404 488
778 157
674 706
445 565
647 923
105 304
108 913
48 656
824 273
623 131
424 639
412 192
447 395
321 154
899 639
666 798
652 797
139 946
326 292
735 136
544 493
639 620
588 990
4 191
425 902
320 252
585 672
911 738
715 37
516 18
607 593
162 66
24 58
857 820
964 590
753 763
19 651
828 243
403 808
723 927
236 358
295 883
775 549
908 138
303 688
514 305
787 767
607 390
791 223
176 840
728 805
323 523
13 379
253 854
311 122
17 237
796 742
654 764
954 282
918 177
281 625
63 602
871 243
949 161
914 936
721 654
6 814
797 593
751 286
755 987
224 785
43 311
44 4
270 578
882 490
93 625
665 368
851 605
512 461
15 298
253 267
950 403
250 311
916 39
609 531
591 615
295 106
925 175
599 952
237 791
795 719
81 299
389 114
872 458
29 11
268 837
587 609
990 638
649 558
186 550
80 237
522 924
116 731
229 964
809 584
169 331
489 824
829 262
618 775
880 290
810 181
832 389
875 547
156 967
13 842
662 601
222 777
260 805
743 550
944 612
142 257
255 408
165 992
460 614
560 666
149 604
563 930
419 793
988 429
202 502
153 778
575 779
763 571
492 498
749 516
590 568
710 80
261 788
616 839
871 49
729 616
287 64
720 881
758 413
405 21
922 225
82 130
174 338
898 150
421 795
376 778
859 759
181 495
92 222
111 866
3 695
741 743
10 217
710 546
203 760
720 949
685 992
263 270
765 82
720 445
561 803
603 488
696 566
683 336
849 104
150 887
768 242
536 78
220 975
122 589
360 218
554 350
385 727
872 853
502 784
588 177
950 520
834 17
726 35
371 193
894 885
644 242
593 670
626 350
350 102
80 390
815 216
28 254
843 35
365 158
153 603
942 725
445 259
446 548
676 385
415 703
930 881
884 36
757 858
614 765
5 619
465 938
175 351
452 688
821 713
827 900
561 463
623 962
700 125
280 624
558 135
481 177
546 855
358 153
965 911
625 730
358 104
362 103
418 821
628 382
385 36
228 588
139 245
489 120
16 888
776 825
386 390
461 962
926 276
291 287
845 860
153 711
964 126
491 697
772 841
699 251
132 680
613 337
82 283
580 332
931 476
663 781
601 682
980 887
324 755
626 815
241 267
38 784
479 166
377 932
375 113
930 382
53 253
769 548
42 110
136 349
928 131
378 326
30 711
994 668
831 243
246 369
583 850
995 58
83 596
526 214
839 117
914 76
164 435
97 965
995 907
134 835
621 189
145 26
679 605
867 197
61 134
64 150
155 193
155 229
307 507
201 860
302 3
552 250
808 132
662 867
420 74
64 436
27 824
466 504
763 626
176 685
240 548
758 954
465 705
196 439
73 388
246 252
931 539
120 105
690 269
638 175
745 82
811 547
68 324
760 57
660 324
721 818
974 28
371 969
210 313
926 387
603 306
654 946
309 387
755 111
942 846
371 886
924 736
105 166
911 410
368 976
96 431
115 381
778 109
879 135
882 169
299 403
561 964
411 765
752 645
446 465
216 450
968 593
511 565
147 916
609 833
939 208
463 694
411 795
263 794
51 304
532 289
56 474
990 701
97 690
900 677
833 230
136 18
215 350
952 148
38 105
518 679
598 145
935 81
30 989
703 510
563 171
726 821
583 84
485 969
106 792
493 558
648 491
627 413
351 912
227 670
523 989
670 796
620 479
145 407
740 960
117 228
398 669
894 608
870 893
763 655
947 452
989 740
951 404
440 814
311 117
222 560
753 485
927 415
875 870
629 155
284 790
581 24
656 481
305 277
470 585
806 951
880 655
704 509
387 827
444 696
584 131
927 189
949 917
608 25
437 161
513 663
443 496
543 493
176 149
51 803
505 815
486 24
439 612
102 742
695 903
574 540
354 675
890 849
677 797
552 878
826 277
630 791
207 962
320 750
564 385
657 737
342 51
950 690
211 428
83 833
797 5
800 791
964 522
512 155
806 349
978 448
844 57
662 16
82 807
798 753
748 580
325 661
968 732
990 665
298 351
249 395
571 156
56 357
22 526
723 751
170 277
355 275
710 411
568 384
878 669
93 443
826 824
222 65
10 977
134 779
84 162
178 155
350 421
501 7
343 804
843 356
2 284
277 406
540 284
466 305
940 772
179 940
865 157
224 259
335 49
88 498
309 918
706 982
549 316
990 390
888 456
372 89
267 31
819 538
883 335
102 977
393 456
608 950
581 909
529 738
536 258
440 663
955 328
229 35
746 223
286 946
750 767
310 812
404 417
137 298
512 426
859 5
988 679
113 859
281 715
820 920
33 122
63 386
981 651
928 265
592 293
180 110
109 448
990 603
534 857
480 641
260 454
389 230
947 644
147 972
906 419
428 803
53 442
610 969
701 510
173 837
448 332
1000 681
751 580
592 581
249 752
260 139
550 92
991 506
559 230
909 435
330 66
168 121
421 361
815 57
766 521
586 403
415 335
786 337
736 620
808 169
120 769
321 574
527 538
70 147
642 304
550 649
308 812
165 741
685 494
575 814
224 158
500 123
486 50
345 958
127 804
55 11
572 352
757 413
10 408
429 466
323 851
380 640
16 889
913 525
331 944
651 145
466 857
943 665
515 510
220 360
524 368
251 389
937 909
439 575
544 825
580 47
530 772
124 355
159 428
915 962
332 848
495 260
315 610
854 693
767 680
90 161
437 443
646 65
25 569
851 645
712 274
898 702
854 407
322 124
160 143
214 54
566 283
482 374
106 303
906 500
726 221
216 406
937 474
919 606
61 818
407 298
9 975
329 618
626 496
735 150
682 46
973 541
953 965
355 218
850 490
583 994
269 150
182 921
592 319
351 814
598 229
967 464
245 216
752 4
829 128
117 414
444 226
333 543
306 255
839 811
418 517
288 173
39 803
615 768
6 676
452 804
388 231
74 236
576 16
429 20
966 453
110 811
827 129
455 832
136 864
422 822
779 371
546 602
379 759
987 500
842 465
951 81
258 702
133 562
267 180
805 700
8 804
599 688
747 613
254 951
38 704
367 124
85 683
12 727
932 896
96 416
833 697
426 241
834 658
618 365
910 551
158 200
308 253
806 596
459 379
613 86
206 724
599 7
454 562
627 326
384 692
604 666
579 235
82 945
910 321
125 525
660 872
184 33
251 219
644 292
187 819
389 847
456 816
865 692
493 779
443 183
867 2
65 12
749 474
808 436
204 977
830 869
407 44
670 754
639 511
435 223
938 714
936 476
124 547
719 420
97 893
705 382
690 234
359 21
573 531
210 839
654 416
748 459
225 397
123 815
931 970
954 425
404 842
885 159
282 362
159 32
253 197
383 582
295 544
315 494
119 828
300 122
12 262
954 139
737 265
612 995
958 755
25 181
957 772
160 668
289 261
971 836
937 948
292 613
119 578
998 323
780 914
859 907
607 981
77 74
775 137
150 920
795 482
219 409
560 507
338 673
928 639
67 221
894 530
879 154
459 359
422 361
63 105
247 476
543 659
393 280
582 959
894 637
551 132
937 624
976 26
392 187
781 703
599 152
930 423
702 18
260 1
485 778
490 996
625 103
244 651
522 591
853 127
278 357
94 141
973 694
334 956
45 567
982 716
821 578
844 677
353 134
80 698
500 467
815 36
87 921
914 439
324 119
351 516
173 292
709 370
415 507
933 378
738 130
407 647
162 582
291 182
366 734
339 162
250 587
292 852
974 776
956 275
280 820
797 785
120 51
570 22
802 905
430 958
434 517
537 460
96 44
847 171
685 60
903 133
487 296
673 668
50 629
15 965
732 121
992 470
519 437
578 787
6 776
637 308
987 173
607 952
225 618
686 457
824 638
2 530
210 401
336 101
901 279
65 543
138 837
510 823
209 344
446 31
817 665
691 135
949 428
164 852
256 439
722 534
597 474
194 95
341 156
15 95
327 409
670 409
123 476
321 544
843 967
75 81
352 826
4 83
960 697
692 224
317 990
986 965
806 88
739 7
687 815
602 277
678 102
662 635
351 858
13 253
699 790
883 833
739 485
614 755
250 282
269 932
51 619
629 286
888 664
151 448
47 275
676 353
952 649
12 652
280 626
334 293
207 89
841 183
490 47
183 960
431 682
598 757
586 197
980 241
757 412
831 677
79 128
228 590
10 409
868 461
72 679
429 354
512 762
231 730
90 538
381 41
539 677
537 898
240 167
578 887
172 4
195 189
747 632
474 492
834 540
581 753
693 471
15 767
988 789
422 727
78 277
150 678
651 975
877 747
953 235
739 534
766 332
100 68
655 828
487 341
553 862
354 475
75 138
501 664
359 846
603 148
492 347
270 197
751 788
408 277
367 543
796 277
464 278
375 480
284 155
684 765
901 71
688 517
907 997
660 712
291 724
807 772
199 980
807 661
71 158
534 44
4 341
433 485
94 84
606 160
952 583
554 775
222 169
135 530
581 494
672 326
678 364
942 987
834 160
253 990
968 742
940 530
596 92
300 881
852 454
182 373
353 706
908 455
331 195
552 425
224 42
741 603
85 999
90 591
290 157
423 347
392 757
104 703
124 674
529 536
73 740
512 964
275 672
148 146
811 946
674 358
292 721
920 218
258 961
100 136
926 16
906 516
664 223
314 472
958 897
435 161
635 628
176 457
200 479
552 884
494 225
959 57
55 419
398 491
807 117
742 522
935 145
939 210
639 779
769 951
367 672
761 665
613 664
27 301
134 515
247 142
138 718
502 769
820 486
551 342
882 875
576 514
259 366
278 478
585 259
428 142
894 91
144 926
296 233
564 709
818 850
302 323
996 422
904 887
15 655
596 146
981 472
109 39
31 581
336 495
628 611
41 853
818 7
219 574
236 752
296 805
960 220
463 443
871 14
79 866
810 236
970 813
221 245
993 132
666 98
940 645
887 800
307 670
270 948
568 768
698 947
975 397
686 208
580 307
555 759
133 533
375 582
380 824
79 920
43 296
710 596
470 809
595 63
154 754
215 991
77 986
906 216
449 659
157 66
569 386
218 80
332 232
560 331
963 918
32 276
802 264
967 966
513 859
751 991
238 134
403 431
260 492
118 424
663 875
985 355
488 325
217 905
364 808
881 402
679 35
498 930
906 397
586 453
87 596
824 14
256 714
26 720
928 60
450 688
605 892
535 593
32 587
925 641
732 532
816 775
87 698
291 637
269 818
700 647
518 528
740 640
562 736
191 712
486 712
600 250
549 998
400 163
952 912
758 36
687 104
633 830
481 57
429 185
165 719
580 738
192 291
16 113
549 169
419 76
420 275
588 304
653 140
447 570
111 649
519 662
14 830
625 797
475 338
149 29
336 764
950 161
827 406
819 643
227 152
210 364
690 674
343 72
181 285
113 639
862 892
186 389
498 435
975 647
262 54
889 706
351 497
986 364
287 641
419 537
61 168
100 466
779 233
266 396
256 362
369 311
582 777
864 461
539 818
425 502
299 477
673 72
697 66
937 595
665 540
649 423
368 343
645 51
105 738
891 101
599 300
877 74
380 486
645 68
807 625
407 369
635 120
653 633
446 713
639 724
437 906
900 22
683 942
481 266
544 40
397 319
60 546
131 224
464 887
193 303
302 379
141 7
358 508
239 804
75 783
190 556
166 820
16 447
161 826
398 569
331 630
296 617
891 542
714 61
255 159
610 506
481 182
634 500
373 320
429 46
267 351
987 716
624 258
574 106
261 885
281 79
50 820
254 44
251 364
279 605
746 908
548 154
201 305
419 326
112 724
174 476
767 999
479 751
822 75
572 614
133 766
389 260
617 923
724 665
768 947
552 522
811 887
910 13
502 550
708 245
33 427
664 115
339 641
243 454
6 422
561 989
498 322
176 445
220 942
955 677
260 277
25 680
194 49
640 411
864 761
683 95
321 178
197 354
711 389
624 565
949 304
952 12
661 620
739 836
721 433
596 699
339 594
982 440
70 678
497 999
259 373
759 14
364 177
566 682
335 681
675 778
992 356
820 289
948 286
182 782
75 858
22 935
848 602
190 633
191 768
213 824
568 297
202 43
135 525
653 976
119 519
536 753
822 969
326 248
277 460
229 67
425 729
600 233
526 273
596 289
709 474
579 693
699 348
990 461
314 818
476 714
686 74
580 585
336 565
931 14
971 973
698 783
145 901
850 66
104 672
586 984
626 541
128 208
770 259
789 37
438 445
955 261
704 515
102 878
973 31
205 111
794 572
580 13
362 538
474 112
481 31
403 180
464 70
372 599
673 790
219 300
260 378
595 569
501 399
694 831
739 898
501 635
372 885
756 915
953 19
394 289
756 770
668 188
9 128
873 746
805 373
592 142
446 641
984 232
509 634
610 894
4 187
260 845
527 628
249 206
946 284
175 50
412 640
680 880
878 631
330 9
369 613
598 374
514 491
921 539
574 511
745 831
357 673
309 782
495 636
148 652
75 932
991 722
500 159
799 393
158 573
88 507
718 388
315 115
82 154
671 938
600 483
547 316
241 827
665 169
222 710
318 897
28 907
50 591
824 774
736 82
681 951
278 583
45 200
138 506
450 440
984 864
453 547
831 466
20 503
806 660
111 40
920 55
439 609
651 953
68 797
52 442
751 248
590 190
632 368
194 855
638 650
823 524
661 337
958 781
940 488
433 902
696 892
952 486
271 126
429 167
251 51
479 251
501 607
800 810
158 452
52 79
532 337
256 604
954 559
481 515
955 878
149 7
783 64
198 416
900 172
77 541
939 220
653 596
145 197
551 373
345 29
443 632
761 549
449 113
277 689
297 147
579 517
288 442
362 920
839 860
472 310
914 437
992 573
330 188
530 534
523 668
753 628
763 115
754 775
849 885
336 832
499 652
762 266
230 300
97 121
775 666
651 392
173 196
429 90
103 135
140 915
14 908
698 997
210 75
600 511
886 794
269 578
594 229
611 705
885 482
337 340
281 377
488 968
984 973
487 522
436 552
788 325
150 415
271 670
534 272
707 828
980 744
91 3
811 778
78 319
975 567
759 808
105 96
159 602
237 870
612 374
738 921
927 577
930 231
185 420
976 105
595 753
869 498
707 491
892 53
953 466
852 667
962 39
123 97
895 711
553 514
754 133
347 633
593 257
133 238
636 161
750 169
218 454
695 888
354 134
359 667
655 414
342 943
182 944
308 577
330 879
60 340
207 487
208 591
804 587
184 424
523 7
245 193
407 86
924 316
473 974
193 342
887 679
65 276
377 42
732 612
714 171
683 732
814 134
309 838
924 257
844 937
576 55
996 896
999 15
177 220
842 755
948 895
879 981
292 251
59 208
192 447
414 217
254 45
519 757
338 817
690 357
619 393
175 671
296 540
297 869
489 13
141 684
375 833
10 249
12 607
481 502
613 349
426 393
100 352
462 331
926 58
584 45
597 928
502 566
534 687
722 327
280 206
233 786
397 905
204 405
167 99
663 894
155 635
397 538
863 699
95 717
367 936
26 964
104 144
103 930
713 890
60 683
797 202
322 234
706 373
714 696
476 859
437 715
277 934
424 678
497 336
705 811
833 286
501 440
74 682
754 312
807 774
183 894
564 9
359 703
787 810
588 271
922 591
151 147
29 47
799 775
265 564
412 701
341 257
87 893
315 628
593 920
37 303
634 196
691 55
678 455
89 329
640 887
127 129
753 722
202 40
165 932
799 400
800 397
965 845
641 911
329 171
406 33
357 541
339 126
469 655
308 771
455 940
573 265
611 938
466 391
766 266
639 24
418 738
352 98
462 235
335 155
62 993
429 418
12 142
250 641
287 4
608 787
326 554
921 122
336 566
200 5
111 817
300 32
798 291
272 513
335 558
685 260
487 304
529 687
932 572
772 809
868 690
711 804
177 533
911 486
345 603
20 197
495 293
116 558
851 565
485 351
218 122
717 100
742 953
618 763
103 881
911 104
53 172
995 495
88 519
450 904
177 832
930 414
398 408
534 772
406 935
479 23
816 229
134 606
485 642
948 46
694 606
471 979
149 967
5 491
78 819
961 429
763 778
344 473
535 591
667 383
958 338
83 628
972 103
943 474
236 46
327 129
114 590
8 191
956 470
507 517
606 243
379 756
844 700
41 185
424 79
170 607
887 766
9 603
527 953
197 294
922 837
706 556
868 381
405 282
279 305
645 736
120 939
983 690
119 904
727 585
859 760
654 705
15 893
901 936
292 898
993 779
816 268
154 943
547 784
250 788
183 296
831 588
430 579
136 504
48 117
637 301
113 593
864 247
243 242
559 930
106 326
859 908
200 287
845 241
721 931
78 339
464 35
228 68
564 542
103 772
548 663
492 593
589 125
699 517
276 818
464 434
137 492
803 547
186 547
762 514
356 375
79 541
713 818
276 528
243 735
725 367
337 614
375 426
947 733
530 271
804 882
184 175
481 627
579 998
670 563
252 518
535 595
706 511
134 892
321 556
800 120
490 626
173 639
585 583
303 908
51 95
420 168
840 659
198 109
151 441
466 301
965 773
608 526
553 131
594 561
885 94
179 545
254 423
168 334
174 228
514 129
991 983
832 848
253 230
609 118
967 339
975 355
832 659
774 134
357 152
656 449
257 394
497 525
168 763
723 363
73 920
450 413
573 56
727 288
413 184
243 311
271 782
384 930
93 349
208 230
581 477
204 370
63 57
138 832
466 693
855 205
787 341
522 42
530 593
690 145
518 438
481 957
722 533
905 51
65 830
707 379
85 307
322 135
915 102
493 195
960 525
647 615
216 301
969 977
848 826
473 130
34 771
807 797
496 237
973 629
901 232
151 793
621 67
843 73
97 623
524 883
412 346
195 858
87 856
805 413
787 894
718 918
264 449
47 62
451 833
823 636
883 834
990 42
433 802
482 773
490 264
19 710
793 543
866 875
376 367
265 842
819 303
359 94
197 399
235 212
74 218
685 490
763 730
451 524
378 564
823 380
182 364
185 696
184 997
11 762
64 331
803 240
512 805
14 873
182 287
264 974
802 936
675 394
533 808
494 376
699 16
591 230
828 756
886 526
423 257
831 388
372 351
447 399
30 253
604 2
14 47
607 921
337 81
798 230
216 862
385 507
746 334
177 633
954 787
975 955
355 770
730 723
138 868
927 548
630 851
195 640
670 222
88 566
696 821
380 294
57 253
755 466
318 244
467 666
341 189
569 154
19 185
890 486
285 902
970 414
517 107
167 422
631 93
43 732
12 761
536 619
350 71
387 219
249 304
856 456
255 462
57 697
575 539
669 578
595 28
269 116
472 320
236 489
273 369
537 988
114 781
761 318
118 973
58 488
286 649
362 275
581 380
48 835
162 538
145 712
909 271
331 741
116 341
23 811
559 341
823 320
1 265
685 351
835 634
374 948
505 587
36 261
576 306
171 630
816 353
390 276
272 499
148 302
242 641
833 994
632 23
712 929
196 82
767 901
404 7
319 148
746 128
513 33
732 467
475 954
84 292
435 79
414 203
570 37
494 117
59 552
868 770
125 102
308 249
347 277
299 406
946 839
584 296
627 330
185 483
761 956
777 167
445 785
711 474
696 977
165 434
440 143
123 40
860 883
759 127
27 302
191 499
928 19
10 114
606 470
130 557
334 821
886 870
853 103
515 819
757 897
283 407
771 490
761 218
923 167
118 809
464 860
927 356
608 722
478 560
80 911
961 522
413 623
797 777
118 634
103 242
729 647
197 889
571 164
737 156
97 317
119 824
944 466
819 946
849 923
996 526
30 170
395 283
234 257
110 404
628 81
662 657
996 792
152 52
371 936
968 182
362 749
257 335
828 898
280 152
869 250
907 277
124 423
380 25
452 510
760 665
7 940
266 358
52 299
90 98
128 331
97 148
902 155
413 358
513 856
661 448
384 660
350 963
682 979
243 561
212 544
138 911
503 227
431 262
379 49
677 634
532 339
311 812
787 298
833 340
482 314
9 954
781 524
873 571
195 579
821 827
991 239
630 421
807 151
672 197
449 220
770 686
860 966
274 481
459 935
688 863
585 757
912 611
216 112
839 56
19 463
937 48
44 862
155 31
619 978
196 929
568 372
363 144
453 545
274 643
459 645
245 156
544 237
374 304
467 142
529 127
947 152
108 228
92 737
681 68
575 824
459 530
615 759
762 153
28 549
228 451
71 385
553 130
684 940
791 136
745 682
782 629
236 727
737 990
477 219
188 786
887 912
395 200
718 486
700 181
168 478
921 128
387 636
561 409
68 191
604 281
220 18
920 456
774 487
409 837
928 979
874 115
712 874
529 596
489 23
419 316
7 93
889 598
393 729
266 169
927 156
233 371
55 369
765 762
884 223
977 395
959 271
119 546
724 640
391 851
159 439
475 994
573 869
777 908
869 30
811 157
333 337
685 764
190 298
413 289
980 968
255 768
950 736
897 404
592 780
864 609
77 844
959 114
119 241
471 692
535 803
242 284
460 171
617 504
948 80
449 414
929 916
661 597
960 526
228 302
981 1000
928 178
782 251
630 385
681 705
790 689
22 559
425 951
83 559
467 332
263 866
910 206
182 801
398 994
744 698
476 518
187 605
938 767
374 493
526 30
822 881
757 804
634 17
952 221
943 705
737 792
365 695
439 336
140 818
540 381
410 86
249 998
527 609
917 645
975 179
377 695
241 806
124 837
359 174
839 608
788 918
476 704
978 260
232 766
802 566
197 160
97 541
897 874
664 523
598 110
12 379
451 301
931 23
988 92
755 891
901 947
576 326
437 929
818 447
163 846
680 420
702 801
408 103
318 558
727 342
413 234
841 759
879 395
972 607
393 838
301 565
696 617
769 483
533 122
919 913
371 785
246 911
907 349
513 998
441 963
307 934
40 240
53 86
807 77
574 680
756 523
6 308
542 394
711 497
419 997
497 453
144 648
967 792
167 887
648 776
910 392
843 999
972 193
56 782
133 457
761 626
482 85
765 771
666 617
578 251
407 7
250 88
454 26
145 28
554 880
847 533
486 663
586 289
783 457
809 70
205 885
495 428
926 698
529 471
93 128
327 215
24 953
706 633
46 14
304 409
856 150
589 928
715 749
75 522
295 725
225 121
451 491
586 146
654 179
861 12
224 191
476 440
799 234
875 880
666 664
314 928
449 743
851 251
138 370
287 919
239 833
971 933
345 703
167 850
3 757
152 217
6 212
229 21
581 657
660 305
681 90
638 834
46 932
108 889
340 797
974 256
560 468
963 17
466 747
893 176
219 289
459 382
256 358
322 42
911 134
769 745
424 614
186 525
280 458
815 602
934 380
129 763
207 778
465 570
7 766
122 749
8 67
322 383
683 141
877 15
970 435
878 280
313 608
251 316
566 693
834 965
946 283
18 774
827 740
40 210
44 778
316 103
652 457
914 332
164 179
476 381
960 50
173 315
429 849
654 314
966 120
383 414
376 424
662 884
179 967
664 677
549 164
25 493
905 881
794 208
35 132
823 167
419 67
168 483
707 662
656 72
737 147
332 122
707 551
814 777
671 896
311 992
470 579
343 307
805 714
341 217
104 671
105 106
250 901
162 483
702 761
719 773
133 674
957 880
962 538
195 121
33 374
380 939
417 151
932 594
38 737
985 352
958 982
464 150
599 960
836 502
51 854
894 644
16 755
751 5
54 351
419 718
204 328
116 524
524 124
321 428
618 330
105 277
177 896
643 907
133 173
442 735
310 612
565 79
775 426
88 576
274 853
535 798
60 766
121 301
78 627
468 651
251 13
821 137
679 223
772 323
887 153
65 193
7 738
911 952
75 424
229 652
459 969
406 552
961 399
763 7
104 392
65 569
648 175
921 969
118 249
818 739
602 314
861 543
991 396
245 234
118 104
726 875
361 997
515 814
330 40
296 88
888 530
451 756
657 65
641 836
623 838
224 426
494 910
409 264
136 624
598 512
956 202
244 852
866 433
152 16
20 613
511 478
115 929
935 371
305 73
425 45
297 765
690 380
658 734
219 828
292 928
291 657
408 157
425 112
551 375
892 413
486 453
90 946
471 115
627 201
58 212
646 829
315 751
872 736
154 675
722 77
855 332
987 209
879 487
113 716
702 612
76 536
760 853
134 240
45 459
599 996
586 753
769 311
932 965
898 725
955 556
264 681
564 508
142 654
698 262
359 710
811 45
207 940
250 918
891 283
929 58
693 1
164 894
60 260
688 399
318 222
449 413
972 79
702 160
995 182
963 660
928 654
385 970
195 975
217 139
403 538
905 380
320 140
943 412
615 363
644 942
41 247
44 722
700 340
721 302
28 411
149 633
247 694
197 397
730 732
610 502
918 423
408 428
995 592
210 776
102 314
932 71
914 694
348 926
831 851
707 705
690 401
874 178
732 820
608 778
607 596
391 3
31 40
681 611
295 487
484 428
558 948
589 511
650 445
862 973
993 930
776 920
542 975
564 771
68 946
324 452
896 205
56 538
347 109
789 126
846 65
224 720
779 184
736 581
410 813
91 96
517 516
422 712
59 526
685 846
100 498
872 363
980 894
696 729
768 38
864 927
223 500
43 18
426 150
157 118
731 417
492 411
399 121
60 823
207 896
940 435
311 380
806 268
403 491
84 909
181 674
899 523
579 787
728 503
670 510
56 436
130 583
41 416
435 23
246 507
799 883
213 226
506 92
17 447
697 685
660 551
574 229
443 613
995 944
942 649
911 662
36 764
844 667
739 439
265 906
785 67
787 525
827 584
75 815
267 619
452 659
533 662
61 353
763 523
128 616
476 184
611 943
117 186
619 72
966 319
783 799
720 929
594 902
889 834
541 985
664 616
334 36
119 854
177 807
198 715
647 182
297 838
906 892
393 647
211 648
418 50
136 195
268 189
159 830
756 475
744 483
17 829
204 293
629 708
423 5
225 774
855 6
824 426
18 417
932 797
377 532
228 50
601 568
229 839
712 383
458 571
954 676
189 441
480 803
545 65
912 972
17 744
701 748
337 639
986 868
130 952
588 71
165 146
446 645
288 291
201 710
158 825
863 92
496 390
81 739
189 125
482 233
283 504
179 340
359 301
199 836
97 774
313 833
79 658
67 695
778 797
374 298
540 846
860 805
120 32
19 659
573 72
240 358
27 876
721 595
71 415
19 768
843 992
451 569
751 747
291 128
690 454
620 779
969 5
474 621
662 96
115 163
745 494
282 372
230 102
328 234
571 166
257 50
756 234
274 502
928 969
727 571
508 499
182 116
175 961
428 355
570 929
837 713
824 616
290 412
276 223
149 343
319 556
513 956
146 703
54 348
152 468
941 556
651 249
266 356
71 912
873 441
522 53
464 437
7 575
543 665
644 480
493 54
432 177
389 139
982 26
492 370
419 956
596 648
192 606
123 54
820 80
750 145
255 733
368 447
496 196
593 682
904 171
65 113
963 584
329 548
184 289
536 566
900 63
423 493
549 784
805 486
917 796
735 101
944 854
31 610
744 564
53 754
992 578
97 802
98 477
338 460
729 293
287 389
127 90
883 792
827 760
757 255
39 784
372 464
291 885
782 712
970 104
199 590
115 563
6 710
373 375
857 570
73 107
304 181
954 484
956 186
340 727
589 760
20 725
835 579
168 448
852 362
230 2
396 752
418 920
662 255
23 563
45 151
675 96
70 54
314 457
257 312
242 854
416 391
949 867
312 344
510 607
217 453
996 258
30 422
712 217
342 372
396 820
915 796
328 706
437 416
521 437
150 783
669 316
526 646
67 191
267 545
971 469
988 557
671 584
320 705
52 184
915 250
275 155
658 296
786 885
470 266
752 64
683 135
354 275
942 912
924 235
711 301
35 852
401 162
598 97
428 937
568 52
108 405
825 459
860 614
812 292
937 18
45 533
62 397
318 421
737 685
644 943
726 294
829 117
874 526
748 107
342 764
202 387
865 321
13 287
136 621
748 506
906 330
539 746
91 407
719 267
116 380
903 432
45 840
481 870
179 574
221 135
405 448
124 950
430 877
2 908
21 602
104 570
709 3
513 312
174 796
870 30
304 59
589 510
663 551
225 543
301 930
103 538
295 196
345 579
287 608
698 57
848 10
642 367
835 305
977 6
636 285
138 144
332 246
124 489
290 311
254 636
384 816
114 19
115 278
962 357
603 125
489 589
937 545
60 816
958 201
708 558
290 537
865 967
78 680
797 198
798 673
692 428
734 547
165 364
792 506
498 999
27 327
18 230
1000 381
673 329
606 505
903 358
117 724
668 196
501 309
311 564
94 188
443 612
982 671
469 312
753 837
829 40
723 541
207 372
567 660
350 356
282 204
432 102
791 93
626 936
843 434
790 159
828 454
296 847
244 141
631 563
444 479
852 460
429 13
412 893
70 257
265 517
68 23
317 696
179 492
944 492
37 553
59 97
480 410
927 48
129 125
392 763
689 123
799 10
31 412
898 457
646 875
828 522
388 655
923 806
48 476
730 520
260 171
916 165
111 19
205 106
43 339
190 390
561 786
634 632
750 769
102 589
182 1
385 629
395 286
198 671
878 77
359 872
431 367
307 821
221 839
227 202
65 251
105 746
401 217
702 121
541 165
783 152
683 860
86 381
288 292
607 53
999 645
408 809
736 824
526 37
620 320
782 979
929 557
35 586
217 371
527 445
834 482
732 697
115 681
97 886
351 553
227 535
836 655
31 943
268 83
839 772
254 316
383 170
577 317
211 107
536 713
804 508
901 681
775 685
153 166
395 161
338 928
420 372
6 517
301 183
335 697
225 357
884 348
319 471
358 443
436 593
855 438
625 964
475 253
868 636
724 403
101 363
284 925
340 769
604 86
771 585
371 941
997 929
10 189
963 209
732 434
20 118
501 919
511 246
674 503
33 485
756 687
738 910
962 314
232 3
678 550
54 460
275 17
564 393
692 326
803 551
588 311
327 285
554 355
898 785
995 271
346 40
142 978
859 332
734 616
471 514
221 939
682 207
43 891
890 426
380 472
113 243
276 643
830 46
478 68
355 283
485 900
148 984
373 931
925 524
801 518
587 53
130 302
334 566
889 317
446 896
330 744
201 963
202 108
353 8
908 208
839 1000
454 328
59 346
847 493
336 837
275 802
700 193
743 29
563 843
586 168
842 318
352 46
851 196
362 923
715 917
864 73
595 203
454 616
444 741
998 4
653 471
694 776
153 182
384 152
385 241
426 527
927 153
458 956
936 740
629 921
520 576
484 232
817 454
716 432
72 490
888 185
39 222
721 899
828 929
428 471
46 994
949 147
121 269
104 42
964 432
15 390
808 936
972 875
773 342
498 798
834 836
513 697
954 605
802 149
686 908
293 258
994 753
721 335
959 861
411 987
229 624
711 300
859 473
350 824
593 661
743 671
65 92
304 948
412 430
100 626
486 543
89 455
40 740
624 462
339 779
507 705
847 675
939 732
248 463
637 843
571 549
406 30
64 417
581 388
453 455
433 220
685 193
624 169
678 458
165 749
866 874
961 582
358 150
306 309
419 110
538 248
435 1
137 801
706 818
467 781
672 910
850 79
604 329
509 139
735 138
305 196
987 480
953 560
861 455
41 706
996 626
867 842
375 663
525 688
729 877
570 299
383 916
721 717
727 339
430 703
589 334
628 148
539 362
924 661
750 675
567 315
471 390
591 433
605 439
752 771
345 499
928 841
96 523
885 773
579 102
526 611
267 588
18 458
673 973
845 407
831 68
51 52
160 135
750 108
365 50
275 182
259 605
920 641
725 690
707 347
670 365
132 100
43 835
796 387
817 920
930 601
735 541
19 298
259 379
719 791
736 947
114 551
463 872
22 285
623 666
368 166
459 753
888 989
616 460
874 720
280 473
127 140
495 680
460 797
514 432
516 326
847 308
873 38
80 776
451 607
178 445
434 787
94 673
704 654
776 634
5 872
567 644
434 738
73 34
257 187
684 518
391 208
567 859
456 5
845 533
370 631
675 426
141 634
241 738
112 758
495 221
152 173
105 115
306 650
665 497
59 846
353 621
561 128
779 73
396 927
733 898
275 278
556 10
492 632
171 409
119 487
135 258
484 160
253 381
897 311
77 47
773 238
802 396
218 71
803 668
402 894
760 766
869 420
198 668
270 313
426 204
795 618
527 557
307 820
271 145
223 136
263 563
445 158
617 437
377 568
530 292
159 972
476 820
863 440
386 556
762 717
544 392
66 196
654 192
934 93
114 760
207 565
338 708
448 396
331 377
44 886
479 321
83 744
389 617
781 343
583 79
605 563
362 277
148 948
330 51
721 177
558 635
123 880
619 891
398 584
516 171
188 36
818 943
856 198
32 536
239 715
120 833
652 298
68 417
72 932
58 763
466 395
23 843
64 280
747 253
396 383
456 466
258 376
576 483
548 452
177 104
710 786
755 647
793 102
662 912
926 714
250 785
400 536
393 673
893 926
660 353
772 385
907 440
859 899
517 713
560 100
139 854
587 829
128 464
57 494
483 260
584 59
983 467
454 647
346 20
552 855
402 866
467 888
123 234
820 828
650 782
683 12
687 588
216 423
56 16
19 132
337 601
801 330
394 736
269 500
877 95
218 492
812 558
772 477
389 939
285 586
291 661
143 348
700 559
956 641
938 884
65 480
728 288
412 371
992 725
312 583
922 640
230 629
580 469
329 260
700 269
41 152
676 486
432 109
790 378
60 3
836 748
49 278
356 918
501 353
966 91
456 272
117 207
701 600
553 780
164 554
970 76
378 541
571 486
573 332
392 967
145 549
755 754
919 458
617 757
174 344
336 713
55 480
779 435
713 187
841 846
721 652
115 113
647 248
671 246
659 726
626 607
422 592
744 430
816 11
68 1000
125 137
785 768
698 35
699 838
556 69
906 20
444 955
907 309
30 420
876 982
418 346
845 97
594 291
405 576
670 84
87 162
973 189
190 185
671 241
601 630
632 107
379 96
218 174
789 539
80 195
337 564
397 722
588 171
458 448
722 673
247 222
251 155
130 638
246 402
372 395
235 655
622 873
311 722
411 248
469 290
593 950
776 146
185 133
504 971
657 145
586 265
815 76
178 7
18 732
883 758
278 106
945 495
799 476
620 175
552 151
532 917
239 515
187 428
154 95
926 977
799 365
488 765
984 738
639 98
954 390
676 419
68 264
430 883
979 530
737 111
906 756
600 417
8 628
568 831
609 405
77 343
370 419
211 753
949 931
223 834
620 73
152 193
223 723
300 344
104 873
712 104
768 906
732 379
492 752
94 836
1000 163
911 313
238 103
418 694
579 105
176 436
231 688
933 674
74 774
298 107
975 823
389 176
502 731
51 433
214 79
678 766
237 102
42 84
208 884
248 961
579 135
816 627
144 652
142 907
735 264
740 402
687 757
528 802
856 687
838 515
86 228
990 862
900 98
297 51
638 681
249 330
412 260
56 294
312 656
577 132
117 323
530 114
804 661
108 10
808 52
848 593
721 617
524 532
675 896
542 78
662 654
856 977
739 265
594 683
283 319
88 149
981 350
995 550
74 400
98 370
795 408
563 996
605 353
414 989
405 369
226 430
552 2
954 410
149 892
576 408
387 555
263 7
211 431
214 850
965 250
71 875
242 555
573 485
229 319
799 103
15 916
741 724
742 119
615 255
854 925
820 741
362 50
891 233
722 3
906 970
618 611
983 232
340 862
879 427
862 831
423 433
171 408
962 421
622 395
950 386
772 934
630 918
525 774
323 370
238 3
852 719
747 779
259 555
692 275
470 449
735 479
60 581
27 436
464 746
711 358
709 850
513 529
403 377
61 877
874 896
378 211
51 171
217 87
809 891
813 803
136 491
799 848
748 888
35 767
627 909
598 286
970 145
771 320
633 697
923 13
248 409
468 166
785 44
126 414
287 968
580 871
546 947
818 940
817 917
468 277
425 198
738 247
831 950
433 27
306 363
842 137
790 185
581 9
245 342
857 588
71 702
712 888
240 634
595 64
334 404
689 187
430 939
480 440
874 24
309 715
789 209
745 269
263 142
103 463
909 664
876 717
275 708
846 13
315 711
765 67
401 750
578 183
500 632
216 795
747 713
756 78
668 731
150 870
669 270
546 59
983 466
15 428
218 88
660 55
310 632
114 89
333 865
960 793
152 326
281 870
47 639
673 164
251 912
323 511
215 821
717 147
95 771
846 969
849 383
924 787
233 526
969 60
80 375
537 605
536 607
125 665
882 820
97 724
169 167
369 946
647 910
541 135
86 300
717 582
739 18
558 133
356 546
855 728
235 819
990 929
94 122
316 144
876 56
867 263
406 385
424 517
445 357
412 530
252 984
517 29
239 889
993 365
424 160
813 698
223 649
388 540
876 222
514 377
953 975
790 234
421 605
245 441
766 757
306 271
70 316
898 75
457 137
809 444
666 479
709 411
175 531
289 576
179 596
371 252
188 926
335 857
317 766
824 954
70 478
421 768
461 979
11 12
845 941
724 542
945 799
802 864
684 836
789 102
766 939
77 148
669 496
931 301
812 472
389 441
54 319
458 668
190 303
281 721
671 420
323 330
437 447
540 609
657 4
6 333
48 595
734 955
897 352
976 511
407 427
769 582
701 387
494 387
441 757
375 388
806 198
60 508
191 566
667 175
644 116
888 852
80 625
759 211
83 562
724 52
249 286
307 607
93 405
746 684
424 150
538 437
166 466
459 676
305 830
677 46
145 341
995 711
891 534
819 309
491 868
184 892
331 767
802 704
966 471
366 643
348 922
554 733
684 540
982 403
872 772
27 631
837 74
345 900
858 936
456 491
944 256
690 284
976 625
556 780
1000 219
854 886
466 847
874 80
328 948
348 425
315 670
584 197
413 229
286 13
767 636
648 944
366 831
96 861
378 286
381 258
361 318
833 683
850 779
7 866
599 900
357 489
52 377
345 497
973 207
149 509
333 368
890 671
530 540
124 91
803 528
431 311
995 504
134 498
941 898
503 49
603 239
824 240
184 15
458 402
720 65
27 427
857 360
423 141
735 267
784 175
714 562
363 416
571 903
53 484
282 334
826 676
648 156
467 510
187 527
960 269
192 651
616 447
601 13
32 784
655 360
588 829
184 587
402 510
888 991
691 60
486 648
531 423
666 706
95 428
670 958
433 365
623 890
545 688
676 142
801 282
771 146
476 180
187 459
157 751
453 132
142 18
944 349
27 595
768 555
913 598
757 327
387 955
634 754
484 509
271 569
400 574
672 244
573 597
208 503
560 796
79 284
301 782
733 879
970 611
220 326
628 123
498 352
512 334
231 582
324 292
287 688
915 635
256 12
722 147
195 17
893 218
641 159
642 624
77 45
703 841
871 647
114 50
538 779
632 459
981 728
123 192
329 833
55 971
518 481
208 962
377 589
998 665
143 420
343 73
574 984
846 541
117 915
62 12
172 692
344 305
216 949
406 553
28 27
428 989
32 94
839 445
435 11
56 340
672 46
140 460
677 307
201 714
532 522
544 104
946 276
947 21
160 353
2 412
496 265
459 671
294 646
724 353
155 633
856 89
710 340
273 195
967 319
143 905
348 653
365 745
205 788
844 702
446 890
395 964
947 307
163 352
511 336
905 747
654 430
789 397
183 914
406 183
887 906
729 536
452 913
144 482
738 470
461 861
723 118
136 774
414 365
546 20
469 910
550 937
419 185
917 410
827 574
2 950
85 898
177 511
470 580
879 744
440 535
2 738
431 859
298 822
882 399
556 204
684 409
704 615
501 995
862 792
186 345
564 557
674 498
698 508
355 755
229 790
301 649
413 463
968 922
398 349
290 378
480 852
907 745
857 390
730 956
867 411
458 603
955 741
320 860
172 521
229 968
677 612
215 677
388 49
562 804
295 39
265 266
913 406
108 286
255 729
627 586
27 256
134 740
818 525
415 937
308 287
60 328
888 825
61 993
999 607
981 48
291 215
359 764
622 706
597 242
905 468
32 856
678 195
184 515
256 912
705 167
689 538
749 726
182 633
95 484
575 942
173 282
395 992
396 63
974 628
741 855
671 700
406 803
715 680
662 913
450 66
349 490
352 434
581 207
547 371
34 386
805 951
125 580
477 326
580 393
616 962
461 721
231 859
982 214
914 881
132 922
560 853
637 345
597 677
628 12
591 184
719 887
797 521
745 232
504 76
46 519
360 266
858 521
324 493
208 334
90 338
725 871
524 470
105 218
52 503
661 155
812 473
524 421
638 863
694 844
143 254
57 775
129 516
556 869
640 392
657 560
384 369
403 466
756 940
5 10
333 685
134 546
302 708
263 710
378 310
105 534
895 719
950 516
721 332
177 107
165 361
739 160
246 400
502 14
731 516
493 713
652 680
730 468
933 81
94 87
645 365
45 529
537 507
571 713
623 752
370 906
49 679
198 64
19 265
297 401
724 8
671 515
694 334
279 646
876 195
490 386
199 558
648 247
705 352
304 322
748 261
288 811
128 560
644 600
719 132
23 909
245 269
215 260
486 41
896 565
326 966
515 346
310 74
239 336
426 607
104 589
102 1000
124 656
611 429
129 164
183 361
204 877
888 205
284 960
855 283
656 273
591 269
333 13
6 125
82 271
711 824
379 435
578 623
206 852
102 677
285 91
308 236
906 153
603 113
698 295
186 627
849 256
760 596
982 215
108 576
471 598
13 876
114 497
578 244
399 747
959 237
852 779
711 380
887 317
668 337
463 599
464 671
230 838
1000 353
998 988
69 716
605 778
950 915
754 304
978 892
411 41
765 912
434 202
473 784
769 835
822 93
938 842
558 755
796 188
445 458
675 821
820 620
103 544
79 645
279 71
635 381
41 214
740 976
737 830
661 124
371 488
303 675
68 498
687 265
871 28
12 55
710 922
490 9
272 204
127 892
475 503
645 773
831 882
606 746
76 849
58 452
920 407
586 688
779 364
102 5
548 167
962 7
400 575
634 610
780 786
858 606
984 909
34 172
254 851
625 941
997 905
724 599
998 338
430 734
180 757
676 722
897 155
20 94
498 496
171 410
11 309
251 680
789 782
369 357
47 756
263 475
498 568
661 723
163 735
547 677
53 180
682 836
739 909
47 970
639 940
161 339
90 427
553 561
313 392
756 996
708 519
911 930
761 679
431 73
109 731
297 45
388 380
448 399
134 671
427 229
771 309
772 26
166 313
977 716
529 507
929 545
161 927
533 334
183 606
405 656
446 1000
70 52
643 156
701 910
654 316
434 931
698 756
50 66
487 426
658 970
353 962
211 476
84 854
555 963
936 863
79 221
281 14
101 437
136 775
451 346
822 526
415 108
258 742
451 235
399 587
439 858
997 860
444 844
48 109
360 303
769 3
879 344
404 34
483 555
600 697
747 570
729 987
508 238
128 36
590 20
665 323
189 645
101 73
105 142
877 536
803 717
732 317
769 350
21 761
333 311
560 325
890 724
764 253
172 710
934 259
384 619
8 263
579 176
907 813
125 550
53 313
570 917
274 54
901 107
541 20
246 282
1000 298
748 952
790 829
611 368
824 109
8 101
619 685
71 58
471 892
886 837
542 552
248 729
305 566
30 805
566 875
40 805
904 910
818 876
415 718
108 76
92 585
330 743
98 470
740 537
155 133
853 358
654 361
178 30
40 67
425 655
426 652
514 375
952 8
173 859
176 658
709 264
818 528
295 667
872 810
10 537
603 906
106 238
219 901
801 242
180 792
16 777
595 207
634 555
600 631
33 714
270 777
915 724
305 348
597 233
963 288
565 540
983 829
915 581
682 728
314 324
544 809
318 644
944 211
928 712
450 260
640 252
848 383
646 966
315 594
617 54
600 772
694 978
393 13
582 775
474 160
579 31
137 48
26 764
786 991
312 42
744 109
119 127
640 312
43 859
84 389
393 376
386 855
921 926
302 423
471 768
535 655
248 757
84 347
31 700
268 674
234 422
279 890
112 36
987 236
701 212
574 322
886 208
389 686
784 640
294 741
904 825
728 93
877 888
960 112
118 872
926 837
801 768
676 148
73 955
61 173
644 714
830 661
274 640
620 825
804 48
291 95
42 734
610 355
315 69
957 526
172 330
28 806
840 484
470 675
714 261
805 938
475 217
791 395
281 198
580 494
396 439
266 786
999 484
802 928
932 291
257 125
956 441
313 897
101 350
671 70
249 555
603 692
237 654
978 176
285 312
219 60
94 952
17 843
471 386
755 15
100 504
372 581
673 768
67 241
475 884
206 708
427 233
446 87
86 942
712 329
643 969
716 305
185 463
560 269
299 307
446 38
566 279
270 208
597 387
899 625
731 972
616 131
869 767
948 194
552 313
18 502
282 900
252 582
970 489
327 148
517 976
705 76
227 256
49 992
534 982
657 225
394 921
948 480
496 495
652 476
47 474
585 519
235 906
98 318
572 267
169 296
740 977
174 987
89 705
453 96
623 900
3 145
386 59
978 705
227 591
301 428
822 755
585 865
782 645
74 230
485 500
149 776
975 815
850 391
383 356
359 203
396 343
624 282
311 100
847 86
832 821
199 330
494 634
286 290
714 313
54 782
441 443
334 46
599 614
546 622
366 329
289 767
915 671
345 132
11 791
685 121
432 225
271 180
770 281
262 101
871 931
927 861
749 947
665 358
918 624
310 274
929 297
512 511
324 693
396 874
327 534
517 610
275 395
250 596
368 312
262 903
270 402
588 441
994 992
8 669
744 135
877 853
796 370
857 473
489 957
288 926
521 210
137 217
891 182
801 162
894 815
454 968
660 739
94 355
994 693
248 847
744 820
786 184
759 228
100 935
320 36
360 588
951 950
934 160
97 943
369 898
192 901
87 614
221 262
15 197
942 286
110 947
943 195
897 994
930 970
827 618
130 502
23 97
995 688
10 768
956 549
54 601
831 947
83 443
12 69
250 456
433 24
969 446
879 935
37 406
19 887
684 599
560 589
120 948
961 514
747 241
576 487
456 826
478 715
177 108
430 942
315 292
970 675
527 94
864 1
210 236
451 234
471 247
823 66
99 828
559 964
16 972
608 22
556 206
902 486
559 949
360 447
983 137
107 922
418 195
682 628
660 432
462 648
780 533
820 538
985 819
789 801
77 975
462 571
670 124
910 527
768 839
219 258
989 826
663 575
578 711
236 37
449 281
656 809
588 300
535 791
577 826
226 749
895 725
789 628
683 145
189 328
282 730
501 470
392 54
25 802
94 351
703 291
869 567
236 244
570 756
574 212
13 892
351 874
779 781
464 902
374 409
683 697
100 721
539 141
801 650
839 854
886 407
945 455
675 554
253 554
73 156
588 549
645 698
685 509
351 665
67 954
529 145
552 530
809 417
496 612
524 908
905 918
126 234
953 686
828 378
685 159
671 988
619 423
103 270
269 632
840 894
805 518
367 373
372 221
136 751
523 941
970 598
310 31
277 604
591 186
224 860
564 589
637 456
402 529
992 553
354 886
910 969
769 415
238 476
59 763
206 894
148 706
349 846
561 942
275 442
104 47
610 943
289 227
661 379
111 308
167 198
319 795
160 880
894 901
509 697
381 718
910 575
355 744
82 877
321 163
790 879
187 774
919 585
960 518
317 407
299 756
672 138
449 7
804 927
766 656
458 351
665 779
460 385
541 360
48 771
527 181
948 158
290 832
97 614
403 547
44 939
904 988
373 785
450 538
808 48
188 394
250 191
433 501
567 654
652 292
145 441
202 58
829 143
173 491
151 708
35 406
861 798
166 544
648 319
893 462
727 949
362 183
537 745
295 809
611 952
595 287
979 188
905 801
54 688
917 766
554 728
793 768
784 77
920 445
758 987
842 211
709 13
214 677
395 125
825 512
715 948
771 998
296 518
225 416
444 646
608 111
550 838
590 947
542 822
194 576
488 189
361 177
125 56
38 721
24 63
722 170
850 887
264 903
551 909
385 498
719 536
230 580
29 84
547 651
821 40
125 907
584 158
609 966
760 598
320 547
504 411
214 67
593 639
518 395
665 965
961 302
618 943
199 170
825 271
122 853
599 453
576 562
60 387
104 455
929 682
914 190
167 877
118 56
145 20
130 352
113 408
296 136
35 549
668 138
336 883
723 769
749 557
537 709
311 246
950 249
580 557
811 344
193 723
50 892
527 754
989 79
937 340
230 125
976 705
645 916
206 250
393 575
175 837
594 163
722 108
524 186
998 193
195 244
876 741
552 691
926 397
287 701
971 804
309 405
178 880
315 556
231 766
983 85
215 975
259 881
223 576
9 346
262 900
29 903
753 509
471 278
552 864
280 419
284 379
15 453
272 967
238 246
574 844
703 40
523 446
977 181
394 614
952 68
971 352
703 185
707 314
968 686
812 442
756 404
421 144
647 934
942 978
287 478
653 549
838 611
621 113
843 955
200 903
40 956
991 3
226 923
958 344
725 435
550 6
294 832
317 161
818 838
156 865
985 207
326 49
442 594
188 434
814 490
857 773
258 160
583 360
897 543
364 418
348 831
28 585
875 54
32 652
343 628
236 740
791 236
23 838
32 763
567 773
486 653
111 633
85 152
853 900
591 48
888 41
941 97
836 841
68 211
659 848
491 732
366 920
718 173
149 126
443 401
228 921
207 813
684 404
225 601
489 348
633 14
642 928
493 380
20 124
737 486
311 265
582 654
641 248
163 620
536 466
162 368
156 483
232 9
548 665
589 115
772 533
185 405
704 951
506 731
518 448
846 973
80 220
152 761
248 910
220 730
973 558
731 287
470 481
950 575
221 933
207 758
858 198
105 712
865 882
520 307
740 342
668 155
653 585
247 870
639 672
895 522
752 268
680 569
762 861
869 903
13 891
520 17
350 4
122 111
822 866
112 137
939 933
259 84
26 361
444 200
835 809
144 148
821 710
205 946
956 83
577 354
787 392
191 978
268 109
491 960
678 416
58 553
899 405
314 671
351 664
120 866
134 268
322 910
185 682
311 62
560 618
922 65
407 523
214 815
343 649
92 399
225 298
488 932
475 174
901 838
159 152
306 764
509 963
127 532
702 818
888 180
176 404
101 137
9 83
565 538
971 799
552 651
99 936
444 961
263 738
506 938
432 825
531 535
878 261
458 777
980 866
103 717
731 44
821 148
882 144
220 559
423 202
462 532
321 384
273 549
627 412
384 367
385 695
685 516
587 570
731 369
364 753
455 202
555 665
816 874
122 975
910 266
821 245
569 132
660 821
873 174
645 39
575 442
27 368
249 448
194 451
89 47
217 98
90 272
281 903
865 670
627 555
576 727
596 538
958 385
798 622
268 717
530 248
342 954
795 228
759 175
706 473
380 609
100 768
485 930
147 553
596 504
45 526
966 158
344 185
503 325
494 963
430 991
988 945
804 902
416 629
18 729
19 720
125 691
746 591
305 899
202 285
847 463
747 43
268 224
235 351
864 269
790 466
73 261
783 944
864 508
520 728
10 394
301 249
233 195
753 490
263 69
149 69
900 771
712 911
380 773
362 776
879 301
478 930
814 696
654 929
348 474
669 464
707 773
85 665
425 93
359 673
738 961
184 458
155 967
293 637
403 21
66 425
376 753
608 428
989 865
403 386
631 384
958 240
800 766
912 984
769 565
263 218
260 424
632 131
14 219
678 834
700 910
222 350
705 800
20 912
86 249
808 567
666 536
841 758
576 563
748 785
658 41
877 179
536 629
408 980
999 608
636 958
710 477
786 389
456 992
255 496
807 537
813 988
197 311
868 426
5 944
714 242
145 309
681 395
832 105
779 562
373 135
230 272
175 497
253 977
643 67
760 507
903 397
260 657
162 643
292 770
40 315
87 985
98 593
822 662
914 805
720 808
955 51
573 480
963 476
139 14
909 542
276 150
530 952
310 196
177 548
21 256
977 458
598 463
890 989
103 644
133 854
864 964
77 41
752 769
643 918
436 952
293 529
683 393
170 236
647 370
377 992
109 489
222 630
294 133
411 891
432 702
215 669
398 103
610 673
591 548
642 326
7 753
378 365
825 298
885 775
223 7
902 614
368 113
925 287
527 127
945 484
448 386
825 1
857 106
636 741
911 845
257 684
757 961
829 468
890 226
304 705
752 207
59 351
375 694
826 934
866 91
846 937
946 227
417 919
918 261
469 711
805 189
771 101
865 130
466 439
666 341
35 318
571 464
225 964
978 306
979 119
306 503
537 337
528 124
289 552
658 755
770 473
419 189
521 965
738 581
560 300
10 322
410 472
656 464
231 640
91 277
953 626
443 400
543 77
106 314
417 317
556 200
669 487
119 592
11 197
177 733
492 678
988 803
419 616
665 320
526 986
116 998
686 558
105 371
416 482
249 61
241 371
186 724
522 170
426 199
872 427
836 270
60 768
811 56
685 543
781 800
692 333
216 574
289 182
293 646
242 238
869 339
392 169
69 879
179 291
513 711
493 959
521 204
269 494
956 552
743 880
636 768
434 318
697 380
881 239
924 998
118 246
249 261
530 36
911 673
148 999
130 694
584 598
339 884
946 308
586 287
288 438
963 486
979 324
469 618
92 763
37 342
759 112
865 655
558 776
920 462
236 698
53 924
723 824
83 89
106 858
685 50
847 411
6 585
211 509
197 178
145 543
275 920
901 820
524 29
373 401
28 844
656 429
188 555
244 482
324 962
37 891
133 636
613 437
340 812
72 386
626 601
103 440
721 875
246 782
323 19
896 105
769 413
108 504
704 758
101 106
214 347
566 236
380 55
128 434
220 552
443 316
419 457
320 682
375 204
837 951
933 648
788 141
550 668
225 951
462 900
588 338
535 821
223 185
985 330
255 616
277 918
960 536
263 851
677 405
952 236
351 170
639 488
217 272
652 676
709 917
298 704
394 992
456 965
350 481
188 388
47 451
13 239
89 377
944 210
18 839
956 897
919 15
689 570
487 9
416 630
147 966
452 823
804 428
897 582
771 189
478 615
465 580
247 628
624 319
705 222
576 434
816 481
89 821
1 171
205 651
137 955
957 156
654 644
34 277
588 656
793 32
206 15
758 584
694 224
434 972
989 444
383 925
519 399
44 45
872 694
500 671
270 667
275 259
591 265
616 66
834 660
399 162
82 666
670 43
447 157
968 839
952 332
635 213
719 538
280 329
501 761
426 46
232 69
548 801
878 40
238 843
898 976
501 539
268 908
160 13
731 326
271 299
75 410
807 933
873 761
400 427
536 967
813 825
463 960
468 938
605 695
515 691
317 155
787 935
476 508
627 804
6 361
499 901
875 302
987 1000
518 868
228 11
301 280
675 535
639 302
123 213
549 50
447 899
598 577
547 465
69 157
244 149
898 12
899 381
314 967
671 769
987 596
288 954
590 755
59 121
560 898
163 411
671 918
858 683
654 864
896 388
54 956
595 136
55 258
242 775
189 780
885 607
615 330
871 988
432 883
968 133
471 50
702 602
595 998
376 560
262 126
590 175
955 510
835 311
78 323
280 310
812 685
798 841
324 711
272 938
809 589
169 514
167 59
522 6
321 335
840 23
34 876
971 405
555 210
260 510
171 205
834 903
122 917
854 450
436 229
423 993
113 126
955 845
904 297
407 494
628 380
167 494
740 444
152 957
192 762
544 399
88 827
792 589
729 54
144 908
472 249
894 860
110 577
566 818
534 39
499 609
5 514
409 393
562 321
601 413
344 882
87 906
567 147
607 211
780 287
425 197
956 56
709 272
89 595
555 950
259 256
758 871
152 620
529 827
801 958
594 867
813 387
724 802
62 905
512 914
658 752
953 512
789 362
348 206
237 706
356 624
271 536
735 233
796 6
266 184
893 919
159 311
552 657
845 788
578 945
405 851
979 690
695 310
55 663
918 531
45 477
536 534
160 905
792 126
194 168
195 385
198 864
489 636
422 408
995 422
171 152
155 575
916 927
269 221
109 460
829 563
649 437
445 842
208 386
54 11
700 960
989 985
773 28
77 703
455 310
10 152
753 74
833 210
28 116
530 146
888 304
532 580
503 591
960 731
977 659
597 154
305 554
359 763
627 879
781 372
786 349
805 207
37 341
259 231
80 824
979 308
266 649
329 111
776 426
279 361
527 647
487 458
514 226
295 663
25 471
281 125
625 702
771 894
172 497
858 752
31 62
642 241
10 52
614 157
590 858
133 635
779 57
819 776
444 963
671 140
730 712
930 22
522 252
618 261
124 478
55 616
668 565
391 618
621 755
752 878
750 489
327 360
698 268
460 79
815 695
782 420
588 339
111 422
186 971
460 553
88 725
454 900
711 653
367 633
226 895
43 863
562 965
154 42
782 198
17 312
551 447
791 652
223 94
304 940
930 700
672 107
964 899
759 421
473 936
311 600
520 15
634 181
264 461
412 733
269 68
252 796
808 266
918 339
942 341
869 449
49 730
201 999
70 227
554 933
224 320
169 321
92 335
292 153
595 288
397 994
896 673
896 667
839 597
879 984
400 810
165 614
3 343
872 778
135 850
49 21
15 776
291 464
496 786
906 767
689 197
504 509
161 421
827 83
871 23
701 630
997 783
599 719
926 261
795 591
965 289
91 348
953 425
77 289
774 329
759 773
978 172
157 329
730 573
430 711
417 228
519 604
149 293
844 362
488 207
680 194
915 978
243 295
834 670
156 438
177 629
915 835
426 774
12 226
988 522
207 906
333 763
225 978
389 185
800 752
108 701
205 756
954 633
243 754
223 213
890 635
229 523
322 255
716 19
610 522
847 843
96 976
526 820
964 705
274 397
277 794
188 331
445 84
285 523
206 322
978 776
338 619
212 432
625 169
607 105
957 106
406 464
9 554
412 545
218 880
184 704
956 934
154 408
511 186
314 853
921 299
44 462
960 207
679 391
822 741
605 235
453 142
610 259
860 74
233 300
415 198
497 743
719 20
352 238
216 392
483 677
951 214
883 132
846 56
573 704
208 380
675 176
21 83
220 755
257 383
497 850
805 295
635 660
742 840
465 252
85 699
727 252
259 882
685 680
63 20
7 146
48 307
858 236
111 248
962 350
217 781
511 599
460 151
782 412
160 187
884 247
356 471
750 131
588 234
136 3
563 412
123 405
363 386
455 434
576 529
79 582
377 389
982 321
537 874
114 579
353 281
20 954
339 858
819 36
335 740
143 614
21 495
899 156
248 416
339 971
178 119
73 618
830 981
883 774
404 661
185 160
874 591
126 272
771 103
520 805
832 119
904 580
482 944
641 535
220 252
135 773
463 392
746 788
28 763
802 514
50 799
586 189
254 7
865 98
295 579
500 899
102 75
106 6
876 550
269 592
242 582
33 468
758 518
427 728
780 860
876 693
159 636
897 984
452 204
348 493
242 808
354 878
65 737
281 476
224 399
586 625
242 955
258 948
579 264
444 943
513 161
290 261
38 623
6 189
967 846
958 940
579 409
696 667
808 427
170 206
797 99
994 627
591 663
824 174
330 667
829 675
367 612
446 333
468 781
195 591
128 383
576 350
493 179
958 488
190 886
108 895
985 14
217 180
78 331
222 423
539 355
188 371
193 163
636 881
106 644
217 293
382 553
808 76
516 81
330 972
701 203
575 758
407 64
55 907
749 319
364 227
120 647
726 721
821 707
729 491
973 904
582 839
50 33
514 368
3 305
623 952
438 920
599 206
266 537
306 262
897 745
456 359
19 919
6 302
996 865
427 550
447 555
675 268
16 111
490 74
220 119
422 799
933 534
11 948
984 556
328 48
515 356
866 528
746 42
87 305
487 568
664 985
721 728
668 993
704 554
962 706
48 14
711 957
659 734
493 460
607 936
354 882
656 732
381 375
333 500
798 6
216 766
38 907
4 527
242 46
632 410
851 760
357 335
855 192
968 956
509 516
890 757
397 633
994 535
612 90
942 815
572 899
74 553
381 699
990 731
331 74
901 74
523 584
84 386
835 458
599 317
952 238
293 410
789 312
852 911
725 391
599 402
587 490
649 771
451 959
929 627
103 267
737 586
133 202
57 680
179 253
974 696
889 480
552 367
265 996
296 974
429 142
302 100
18 615
148 586
535 78
191 483
282 400
708 671
269 694
509 273
758 621
266 908
783 239
815 372
755 726
670 528
228 638
893 892
419 375
791 503
615 211
249 558
491 665
827 104
357 166
59 829
133 606
797 743
689 422
764 638
340 834
253 511
559 793
447 3
134 880
270 520
570 18
452 253
664 211
918 728
704 724
872 342
379 294
716 735
510 752
4 739
223 505
8 742
855 228
238 222
797 43
618 536
363 635
223 770
275 193
169 966
618 939
86 141
804 808
52 21
39 313
151 963
248 824
585 695
518 681
758 290
264 140
928 115
363 193
334 853
423 700
173 553
533 37
481 400
869 813
486 643
178 80
197 308
329 196
648 368
478 295
723 545
426 355
667 173
213 555
456 336
109 650
737 929
495 469
871 26
990 444
837 23
694 416
789 340
923 530
874 44
656 503
50 602
586 888
480 259
44 124
194 561
195 248
68 10
159 610
310 219
673 965
788 114
399 275
137 256
263 320
655 578
489 757
110 231
590 173
295 115
595 194
342 458
721 83
413 405
52 203
881 277
203 865
534 935
994 620
540 672
741 225
968 579
562 721
99 417
484 749
532 307
865 874
147 791
496 211
39 733
597 275
528 774
137 66
288 207
644 164
6 393
44 984
904 9
174 687
446 688
493 651
701 166
95 235
79 758
108 102
550 405
888 514
801 813
887 716
523 975
28 423
925 943
412 518
107 166
273 328
90 54
645 560
44 653
61 604
377 236
987 871
240 660
813 735
249 938
250 469
658 972
392 980
984 674
107 341
969 50
399 691
366 578
684 739
611 581
23 947
505 626
502 219
495 139
296 563
25 27
297 798
119 783
29 547
712 891
395 441
819 641
613 421
503 787
812 93
690 513
710 580
716 513
815 959
889 679
967 656
343 154
626 786
788 5
493 265
4 532
665 758
501 782
318 460
925 188
547 758
752 836
592 797
460 37
356 150
604 620
492 470
347 509
942 784
264 919
920 562
657 608
159 794
830 69
354 258
229 578
109 236
660 652
441 767
912 705
151 956
469 164
87 725
435 108
950 861
759 395
956 666
204 919
942 605
472 487
182 854
438 716
79 714
875 347
986 528
273 155
827 540
610 132
113 252
409 918
809 138
170 948
923 158
619 239
856 171
340 260
970 927
420 444
719 312
41 929
206 485
214 944
378 546
145 643
37 437
679 970
205 531
596 44
297 600
407 519
46 693
585 141
396 276
68 218
884 927
888 474
335 801
999 510
253 248
568 812
828 742
81 815
957 966
709 165
840 172
236 971
43 503
278 626
780 976
965 476
222 441
161 633
384 1
6 136
447 347
581 780
142 632
793 276
405 998
674 611
851 277
931 418
733 626
661 277
793 389
299 444
156 451
450 32
413 428
915 150
337 658
411 695
218 183
866 219
990 585
225 790
540 744
557 582
427 417
810 98
207 726
19 465
27 372
959 839
963 640
380 502
53 392
700 597
829 311
434 289
553 301
723 669
939 552
298 432
407 246
174 743
527 801
450 535
199 880
717 755
577 32
18 834
37 230
240 926
575 634
528 763
505 494
254 275
291 871
148 740
828 70
666 281
135 942
672 698
433 202
519 964
575 856
424 914
892 972
132 605
228 744
724 245
597 609
525 947
323 692
758 57
110 652
862 671
921 111
599 600
656 396
971 977
699 46
41 712
372 318
745 316
432 251
505 923
224 893
210 320
431 792
931 352
418 149
238 274
385 324
885 745
180 655
772 971
76 488
741 490
462 709
265 143
697 140
290 330
343 208
770 858
581 514
929 97
416 156
272 976
519 481
177 853
713 875
968 895
661 523
384 553
320 865
415 840
808 684
19 199
517 204
25 575
84 423
677 438
843 914
403 725
207 603
652 756
49 905
657 842
454 128
455 345
867 105
505 168
378 934
951 985
553 410
776 183
227 663
850 450
122 419
379 963
52 586
495 690
277 619
939 818
373 18
460 681
898 812
248 144
533 666
164 19
607 265
754 751
315 153
254 385
689 948
158 561
343 623
199 523
865 235
939 976
466 118
715 617
758 905
787 441
282 356
850 376
969 230
257 34
519 718
405 90
427 766
720 116
567 194
54 947
861 289
613 384
272 484
414 27
220 350
31 219
561 190
176 156
216 921
582 532
414 170
114 504
578 987
975 591
689 338
880 943
272 798
57 472
720 360
792 101
984 691
480 977
356 108
584 455
53 12
733 698
826 268
833 568
206 554
327 306
209 999
713 515
872 81
303 325
86 63
180 48
534 791
702 149
705 663
473 111
174 305
929 879
182 235
294 923
807 950
726 126
401 103
772 114
227 469
763 231
709 47
351 10
178 979
148 975
243 927
486 733
605 445
292 366
919 195
227 691
269 906
182 661
553 7
931 196
130 496
922 852
500 376
383 608
714 522
107 54
549 211
403 339
573 205
650 890
709 285
267 262
857 554
434 813
185 657
572 11
311 209
439 28
791 235
79 53
378 638
253 866
452 66
111 644
735 606
59 973
704 290
758 917
686 118
763 769
233 270
234 81
469 918
664 592
849 436
614 244
651 378
671 119
824 790
966 561
989 368
479 646
816 138
449 983
339 429
716 947
483 684
674 411
681 833
474 36
590 142
738 901
152 288
869 125
816 839
618 703
497 549
698 375
310 625
39 13
6 350
981 644
505 245
569 2
147 684
312 21
227 130
744 120
534 819
299 654
568 181
824 31
181 750
754 224
815 355
92 802
53 548
286 902
472 488
164 486
579 757
228 754
544 142
718 820
828 204
334 573
246 217
357 315
66 627
17 157
382 777
172 244
535 439
295 946
524 676
905 702
429 168
213 625
586 509
862 390
315 193
478 399
101 752
947 388
804 27
842 210
92 277
696 326
224 133
282 301
435 713
183 127
188 919
372 180
335 800
796 726
737 202
116 177
816 295
923 733
546 400
605 417
880 734
243 46
443 432
724 551
341 645
208 190
54 327
769 96
661 50
96 284
570 108
234 486
630 932
295 165
405 598
931 754
485 408
110 15
347 427
4 664
332 61
959 96
964 458
952 402
100 176
797 246
781 721
416 320
51 460
750 206
143 484
645 636
5 387
890 469
341 27
235 744
911 995
57 972
593 642
136 477
664 786
527 179
629 33
17 462
809 954
410 175
83 573
406 879
783 330
364 178
292 343
365 391
424 103
687 942
508 933
205 959
594 738
710 395
70 765
843 309
274 616
204 745
465 559
211 191
84 951
733 350
678 449
311 232
6 670
746 731
92 505
93 80
25 432
997 554
211 413
737 101
612 887
387 582
814 995
928 926
893 890
513 308
741 678
444 668
603 653
340 989
931 146
642 835
243 10
426 470
853 645
196 252
238 275
111 3
348 471
497 939
335 715
731 985
604 128
845 170
918 734
781 898
252 42
413 579
940 273
502 678
48 665
513 865
643 974
113 965
189 424
831 73
778 327
854 442
951 455
324 909
539 670
26 839
423 971
597 396
299 697
691 587
549 617
295 611
406 538
264 63
47 796
104 446
532 392
679 363
184 132
743 783
798 591
583 975
813 384
19 420
131 190
938 818
922 275
359 316
269 20
886 55
814 464
144 573
966 255
70 960
255 76
115 729
773 533
101 854
675 539
892 755
842 8
454 306
202 427
828 107
76 658
978 696
740 943
101 679
727 855
875 64
639 187
862 350
331 658
261 823
230 484
432 299
576 402
171 982
499 453
620 939
324 248
73 440
1 139
76 841
383 607
367 314
650 520
542 634
525 376
894 41
253 191
56 741
275 581
314 37
850 51
546 472
548 318
696 233
284 956
703 658
327 181
225 672
375 914
848 318
321 466
963 31
574 642
163 711
591 527
540 563
405 654
941 588
467 873
998 519
348 315
113 993
285 857
911 5
311 985
129 757
739 770
299 677
482 219
610 557
661 671
496 213
721 396
744 827
799 949
29 453
327 224
790 664
916 963
222 462
494 563
502 78
50 327
363 276
917 779
312 694
169 83
226 4
283 503
545 920
32 821
611 139
190 504
226 247
524 562
265 977
821 748
527 322
1000 769
164 48
148 669
168 179
425 548
20 114
227 912
741 666
107 454
235 141
552 89
58 654
149 821
552 488
440 962
331 783
280 811
887 818
945 15
177 101
39 205
823 42
625 871
699 504
900 817
940 774
194 736
28 916
146 895
522 482
237 591
936 756
21 446
295 307
617 945
444 827
138 122
414 135
497 883
216 741
911 458
72 329
659 448
242 9
974 366
599 912
727 114
413 454
787 329
716 737
57 100
20 344
596 959
977 203
311 359
599 52
303 491
929 40
52 169
454 525
471 673
419 986
557 608
579 184
137 109
636 63
543 541
545 764
915 90
809 675
293 274
60 611
243 687
554 921
310 546
895 675
967 214
90 262
364 937
41 346
528 868
857 216
269 378
905 370
624 168
511 904
661 917
633 754
904 950
282 886
544 141
560 747
302 365
770 963
6 359
173 384
528 657
356 778
753 650
662 844
519 845
998 555
447 886
709 367
286 560
952 640
790 224
224 279
131 805
794 239
983 753
987 754
288 792
272 253
257 847
645 492
724 211
562 210
818 168
489 230
736 289
332 660
371 198
304 189
547 203
70 468
846 341
300 73
336 986
77 258
275 637
93 232
846 452
519 422
394 21
547 41
162 641
56 524
719 751
43 262
580 477
944 203
556 56
404 445
850 797
468 507
899 380
417 62
436 974
332 175
890 641
255 587
138 880
859 134
773 346
479 185
552 733
959 99
428 745
374 398
797 245
873 631
13 550
855 803
252 340
257 201
800 950
190 994
839 495
587 286
824 60
574 104
891 996
740 482
109 863
934 144
792 649
942 639
800 148
657 253
194 676
535 756
575 535
223 19
502 289
472 372
18 832
771 386
240 367
796 887
563 100
411 275
811 728
608 587
3 189
667 194
8 56
601 330
32 603
93 62
311 235
258 21
898 370
775 600
905 810
983 661
805 961
55 230
844 809
760 340
44 373
780 1
858 801
325 364
975 422
98 566
104 551
267 47
784 211
409 807
219 790
382 486
336 714
898 994
318 590
323 980
180 619
720 608
202 987
171 280
542 825
979 641
410 652
293 773
647 102
689 308
29 779
733 782
489 286
310 796
498 698
884 433
852 989
121 971
142 709
952 337
401 573
831 251
532 196
695 536
646 196
360 679
707 438
716 440
1 692
425 337
687 521
998 890
527 496
51 299
658 257
894 827
256 533
97 697
259 726
62 233
246 346
853 226
602 418
30 587
515 553
387 186
887 455
963 527
359 686
312 667
847 629
151 162
578 202
562 711
106 343
692 838
53 652
330 3
122 417
286 878
88 241
678 175
607 250
455 633
442 552
773 532
649 542
559 7
658 852
770 826
239 699
472 400
352 277
334 741
174 82
729 409
69 152
767 113
415 428
733 417
101 567
301 53
119 511
951 415
405 503
541 939
266 943
908 498
922 830
310 444
738 443
172 437
90 602
641 346
626 696
77 368
730 147
515 462
719 822
802 78
45 664
45 355
266 16
506 893
305 510
750 728
436 864
453 718
534 745
445 750
372 562
854 650
379 342
363 941
569 266
842 830
661 218
510 640
589 65
674 87
569 379
328 519
882 210
384 745
4 706
303 470
488 461
731 411
661 444
151 514
983 455
171 192
294 279
255 606
777 32
268 941
345 102
19 229
459 986
122 880
543 862
288 194
805 355
470 19
994 316
106 684
342 996
398 826
311 623
517 448
614 844
151 198
305 658
680 866
283 359
986 682
753 749
165 887
370 971
187 259
211 137
444 14
549 209
581 317
296 905
315 167
667 138
335 40
69 124
316 284
46 420
514 138
733 54
515 255
330 507
59 43
921 180
211 340
214 885
366 560
884 53
339 504
590 435
404 898
440 545
883 247
224 840
958 770
82 426
64 929
232 451
86 546
659 710
54 12
816 27
108 829
863 959
440 383
516 896
223 540
407 762
735 342
944 191
868 222
574 561
834 706
747 851
436 922
794 997
912 880
539 464
129 679
742 318
803 931
557 752
541 235
838 567
829 272
186 786
133 265
188 271
321 874
984 214
992 737
277 719
574 175
922 660
631 906
65 365
84 191
212 500
37 207
41 647
484 598
363 17
914 419
723 849
227 574
780 312
856 174
340 263
503 853
274 917
884 708
304 336
158 527
283 846
182 982
311 647
816 507
979 25
158 670
571 355
719 940
595 105
499 834
283 911
840 320
767 879
555 695
332 740
7 60
662 334
180 911
56 670
898 275
756 67
461 89
408 899
837 270
533 5
129 199
613 343
65 705
547 953
531 540
393 703
270 419
567 347
774 19
744 184
547 663
416 371
465 39
553 854
185 442
494 172
792 381
321 187
631 219
407 301
778 643
145 967
817 879
378 175
711 291
566 546
968 749
940 59
331 223
94 178
353 468
26 434
672 96
577 92
201 648
848 609
527 851
253 740
473 988
973 983
688 416
279 170
56 974
670 841
126 477
719 360
773 576
562 405
197 355
483 618
732 997
933 266
918 438
295 145
390 767
961 593
763 749
69 52
126 191
36 131
209 799
511 483
524 936
652 117
107 286
951 43
614 291
84 518
233 196
414 403
785 557
625 179
953 579
609 417
242 650
295 404
222 652
651 988
36 496
974 26
249 108
581 659
33 350
107 973
823 819
292 681
557 227
280 177
389 369
797 660
390 202
393 886
871 519
124 392
986 351
96 425
264 741
302 925
375 825
