1000 9893
726 515
802 125
868 804
713 526
627 464
12 687
816 769
545 453
391 581
282 41
60 954
489 659
564 342
719 175
164 868
954 514
207 774
99 393
742 749
178 520
414 664
271 305
518 274
901 170
53 16
467 538
963 609
503 296
855 951
161 687
236 165
716 159
826 683
816 345
373 844
160 481
416 859
5 647
450 630
948 489
566 808
291 550
761 348
889 279
377 107
658 194
17 202
847 650
671 600
654 302
378 647
895 190
291 772
239 555
135 796
687 275
528 504
123 790
533 633
519 698
906 525
282 355
763 870
594 977
600 393
180 985
141 621
716 827
976 584
613 397
81 884
817 184
984 919
721 804
594 42
703 668
558 369
779 68
51 989
547 992
208 256
885 714
17 814
842 831
938 446
497 806
258 860
97 421
243 761
440 66
928 471
158 332
3 431
275 112
298 51
548 835
79 216
76 124
340 527
119 62
377 715
431 482
895 649
376 145
695 825
805 354
293 94
648 163
668 62
669 787
800 110
472 15
291 629
697 730
830 798
120 513
40 194
403 976
705 208
191 849
912 278
549 79
697 948
258 184
757 236
67 824
970 712
952 742
495 576
25 332
406 211
616 819
742 338
671 850
233 354
288 877
93 918
387 627
693 188
524 112
301 169
927 117
849 425
478 835
158 861
970 571
607 802
867 945
432 134
803 409
257 301
426 428
101 238
599 867
967 767
383 800
665 329
530 215
268 685
362 869
39 185
354 589
262 856
678 592
627 392
372 821
446 20
854 369
772 684
648 914
971 827
687 595
924 871
800 156
587 743
548 871
843 881
152 624
65 209
865 650
701 484
994 366
756 881
377 336
160 442
717 634
496 66
260 141
173 732
620 267
472 491
53 594
718 904
393 826
153 592
245 250
887 319
545 954
731 979
435 270
75 791
10 858
373 38
804 288
719 407
923 146
227 545
508 866
936 7
258 15
602 651
62 845
945 335
230 467
547 495
586 75
770 146
676 536
633 44
137 823
706 800
619 1
508 576
14 867
764 413
520 548
534 682
407 624
690 364
799 146
270 868
127 655
205 32
543 153
999 331
71 948
388 678
741 272
854 977
180 512
107 992
163 978
757 776
521 708
149 267
225 637
283 805
237 962
128 26
368 959
862 7
519 70
232 222
431 614
755 170
342 502
470 59
473 325
909 83
20 382
591 705
33 74
918 600
674 783
124 186
660 846
366 363
901 270
77 716
951 760
331 65
853 204
626 502
477 680
530 258
448 338
902 178
773 796
99 219
285 722
87 874
715 5
75 162
277 738
761 327
502 295
231 351
876 16
827 572
57 765
743 448
46 144
321 663
675 608
896 883
144 232
292 48
918 452
353 38
448 798
476 164
900 582
704 79
126 188
823 334
951 437
366 655
444 441
358 19
15 790
842 324
22 346
717 140
335 769
121 397
379 753
287 930
91 293
914 840
337 165
500 887
671 72
763 955
180 629
567 107
662 261
314 255
613 505
335 551
608 215
901 580
466 78
890 961
617 911
266 461
910 946
971 640
94 817
76 484
833 679
531 680
436 940
256 346
114 2
42 295
318 392
636 387
449 303
164 790
806 429
57 162
459 210
964 576
886 735
428 719
310 687
946 676
192 614
449 73
530 306
769 958
351 102
138 711
716 152
94 284
991 22
630 498
981 12
51 203
456 921
492 79
333 235
958 308
565 475
787 940
537 769
641 867
952 604
5 952
515 999
109 756
224 354
978 695
351 587
511 305
188 884
761 46
38 76
859 660
819 650
246 398
896 637
418 753
516 618
848 824
386 339
741 997
7 353
210 111
819 571
898 182
22 358
483 858
493 772
709 232
942 419
608 917
773 978
426 550
768 837
16 986
879 329
917 108
722 244
940 67
281 458
479 439
67 441
675 182
471 459
972 620
475 908
202 844
962 438
104 946
358 635
453 861
727 107
48 16
650 218
930 314
313 292
976 36
890 566
483 244
318 721
837 793
75 302
169 805
195 601
697 511
795 902
544 390
304 923
696 193
706 486
286 942
69 550
921 717
457 301
539 187
993 533
465 842
398 602
934 952
994 143
888 630
376 330
378 664
883 701
828 10
336 840
335 42
841 145
201 50
245 345
214 792
583 385
181 492
534 79
686 122
78 319
753 735
87 861
718 267
650 555
119 778
223 888
99 806
828 833
581 898
654 370
917 128
573 766
7 248
240 779
519 93
498 11
391 750
674 6
417 23
716 653
965 834
901 301
720 320
211 771
133 964
393 111
947 528
837 876
507 25
146 337
19 732
817 752
307 798
324 960
695 755
113 19
904 204
778 749
392 32
14 155
368 431
753 988
517 401
459 841
118 206
31 717
630 349
494 701
903 777
803 50
784 671
433 455
911 734
951 541
978 605
299 846
675 583
239 652
455 579
439 350
541 734
653 4
213 637
288 684
532 903
917 639
311 128
577 746
705 477
754 898
205 526
444 406
605 45
384 329
247 409
116 14
623 199
283 897
859 686
749 782
438 47
538 905
230 141
603 677
694 284
578 893
29 691
964 114
915 590
172 157
210 488
634 338
253 326
366 159
665 292
777 930
650 432
389 428
232 692
48 354
732 276
644 386
775 360
337 772
466 672
853 261
108 961
87 394
398 261
381 595
882 24
440 123
388 251
850 570
707 479
88 557
216 482
773 232
385 831
425 378
63 264
191 327
618 945
327 391
807 953
294 84
248 802
856 673
963 647
838 529
105 659
434 331
56 425
683 772
96 954
260 211
812 928
728 411
804 528
914 80
364 31
401 35
610 835
256 810
296 263
334 835
520 708
874 860
231 457
480 385
772 197
830 983
247 611
435 365
588 669
205 895
520 133
114 788
633 892
27 951
283 289
145 942
883 708
628 411
446 830
641 368
2 122
558 159
351 743
687 377
639 16
326 576
715 576
165 623
978 498
563 692
323 699
258 306
813 452
335 768
488 905
965 153
367 403
244 462
906 841
727 499
448 731
695 81
537 51
704 524
888 217
172 242
180 741
38 719
755 107
195 32
893 201
108 775
767 752
937 887
872 348
410 941
51 737
413 26
108 918
542 105
338 658
160 807
379 173
639 809
454 569
339 663
625 255
526 105
394 584
369 32
751 659
937 307
866 507
574 952
526 831
18 960
342 876
611 437
886 873
136 509
222 97
243 902
523 840
411 210
838 287
715 32
364 146
155 847
781 181
57 705
491 17
917 981
424 214
300 569
585 925
527 550
461 201
993 416
499 683
184 626
17 866
747 113
405 387
26 72
409 64
836 953
748 349
20 558
844 840
158 60
683 333
729 696
849 951
235 906
182 206
440 921
817 45
823 115
534 386
873 470
638 86
327 997
510 421
633 438
494 985
871 628
578 638
34 19
641 121
989 521
708 183
395 613
893 237
52 435
270 494
417 10
401 653
509 740
789 786
332 867
896 26
578 583
25 637
263 463
786 632
659 506
327 664
518 67
6 375
142 855
713 697
165 478
241 168
938 222
880 212
750 27
240 480
994 729
706 197
228 257
247 231
285 966
717 963
170 390
762 732
321 18
217 161
916 975
539 412
334 776
298 482
635 55
821 982
944 601
41 28
95 209
322 623
714 829
736 733
438 661
674 188
799 612
487 594
567 712
969 329
790 465
201 983
860 852
24 888
44 651
351 537
193 619
856 213
881 352
865 153
44 538
466 452
582 30
106 879
687 365
187 482
225 171
232 665
231 981
549 304
477 373
478 694
651 480
433 42
12 350
469 913
736 136
258 762
784 781
172 404
769 355
709 203
148 892
275 613
153 321
137 580
64 932
487 610
989 508
59 891
134 107
615 358
543 453
767 571
38 535
337 406
190 338
194 817
450 167
927 971
786 717
508 81
769 313
589 152
77 964
594 302
668 553
941 539
853 966
11 474
468 690
422 400
886 661
921 384
315 800
397 590
366 333
385 722
243 514
584 697
678 816
19 149
185 381
95 902
527 53
199 100
768 455
53 323
625 8
436 906
915 316
957 201
668 28
961 14
139 854
692 138
624 832
537 847
114 371
900 447
795 131
749 312
819 635
799 600
202 412
594 650
160 565
736 455
753 543
992 945
387 896
331 705
525 73
508 723
842 223
386 361
154 253
301 122
510 358
922 198
887 786
113 169
672 993
992 14
813 112
997 787
599 547
893 962
361 49
346 391
115 126
334 156
628 51
765 136
688 701
346 310
113 609
168 894
245 880
244 658
309 467
7 876
107 545
76 337
259 947
9 152
229 829
254 704
437 288
468 986
80 35
777 131
794 867
100 46
201 176
517 833
773 215
479 202
462 828
471 566
956 598
667 643
138 545
359 561
952 245
881 49
136 450
468 927
434 219
476 610
795 254
8 156
820 347
490 578
696 361
69 885
916 886
593 935
528 610
123 688
107 215
877 487
715 404
814 296
446 940
177 139
83 399
66 707
978 913
506 955
273 411
546 892
84 803
770 116
520 627
867 668
338 82
376 97
819 545
110 662
556 468
106 672
615 123
4 622
456 104
24 364
372 260
500 881
48 82
498 366
315 684
347 127
161 784
595 981
179 500
937 886
609 753
719 636
228 185
835 83
708 227
630 974
552 911
740 220
975 919
355 822
11 482
416 146
753 351
608 422
789 851
584 655
617 209
640 353
610 659
46 213
609 844
597 407
246 303
360 958
344 291
520 358
613 669
999 692
726 84
929 822
382 654
787 208
630 496
669 780
636 833
606 377
697 823
432 738
169 122
389 613
925 595
468 34
70 938
738 157
166 409
539 209
260 982
62 606
386 924
649 514
752 690
235 23
201 907
644 771
838 73
808 12
886 325
927 269
14 942
258 356
956 371
745 480
232 717
174 304
124 857
590 760
391 81
203 797
29 713
124 713
659 686
327 996
219 231
594 41
825 779
441 18
722 133
206 786
264 565
200 359
536 449
366 84
846 802
427 176
781 929
419 852
80 92
305 622
429 653
74 950
740 71
191 265
416 45
476 917
132 185
82 808
599 269
783 122
548 989
825 304
498 974
197 279
924 150
209 708
696 178
494 679
873 905
923 109
528 539
12 593
914 296
645 424
79 876
317 807
49 649
545 524
875 261
987 975
282 49
605 818
771 111
80 996
176 739
140 721
712 644
322 976
400 874
183 17
978 443
637 348
125 290
885 456
831 746
888 52
617 666
727 453
653 418
462 506
11 110
379 552
215 134
72 400
703 701
621 996
22 528
399 380
935 286
314 292
375 845
266 387
604 837
290 285
94 783
539 910
24 241
647 315
206 665
66 372
546 74
394 303
768 240
751 903
113 823
81 273
483 133
928 502
657 712
471 700
937 616
98 797
330 940
856 600
548 322
882 481
687 717
36 232
946 633
472 208
894 887
826 767
631 96
192 735
249 418
390 24
44 847
566 868
95 308
723 631
839 181
342 631
168 118
5 621
946 303
122 485
325 192
884 593
645 541
534 739
395 798
101 762
690 9
240 518
884 887
745 494
278 952
248 17
432 488
89 807
998 90
672 994
324 61
312 227
1 246
310 120
547 884
300 70
224 872
957 816
524 373
46 529
858 539
276 30
542 849
284 609
52 453
949 147
533 114
665 298
209 166
72 362
259 946
721 3
479 791
924 928
394 451
930 241
470 62
67 817
96 751
995 461
152 689
775 507
324 919
329 171
935 241
414 672
312 934
648 768
54 601
354 289
481 778
855 943
749 104
933 330
256 701
504 765
393 500
734 343
790 581
4 218
285 687
472 458
239 972
866 166
883 662
724 312
317 254
709 556
502 314
586 5
752 1
606 188
537 987
852 228
639 316
606 79
701 969
593 800
960 77
45 805
699 600
93 57
885 13
762 312
323 556
608 686
220 188
206 379
390 642
504 407
40 390
770 484
917 371
25 502
965 296
769 213
884 152
650 368
23 726
618 76
323 249
252 177
792 341
919 957
119 387
109 361
661 306
846 886
122 532
226 78
731 434
665 544
447 637
937 416
76 84
259 588
407 476
969 791
90 328
277 944
887 45
619 723
473 241
977 577
31 758
245 687
201 735
554 221
238 546
190 641
528 560
268 379
36 751
863 250
903 851
50 447
136 461
373 27
31 933
828 97
25 372
577 295
210 840
871 445
36 92
18 579
572 126
511 306
719 249
666 503
226 446
338 164
67 638
837 142
395 183
602 773
508 532
606 837
989 67
681 658
809 775
462 253
819 572
608 825
864 403
673 679
903 164
284 788
927 34
529 631
471 230
272 472
571 28
419 283
404 173
243 127
72 117
271 703
312 452
941 275
10 183
208 469
68 897
965 413
864 986
437 212
748 780
37 906
918 525
579 279
427 34
599 968
587 768
471 437
342 965
59 575
685 671
871 886
377 892
708 192
638 641
480 719
436 899
720 254
919 822
77 943
425 406
371 622
464 444
393 112
322 54
87 378
470 102
199 348
294 176
665 572
460 136
868 29
781 642
963 584
159 814
455 135
209 537
411 997
94 143
144 728
622 983
365 150
972 130
481 633
357 34
734 668
537 859
203 468
9 659
709 962
670 600
379 513
140 338
621 135
416 746
348 749
892 584
389 745
763 474
145 381
295 903
97 132
888 633
546 963
502 413
785 173
434 853
829 488
595 370
927 339
287 176
690 501
653 255
311 95
228 687
266 844
177 415
490 238
662 230
166 977
39 934
211 712
608 948
941 486
889 589
565 522
270 686
785 890
128 131
37 989
367 58
779 100
471 151
366 134
58 191
556 82
703 781
651 942
10 58
410 880
581 478
400 960
538 628
632 391
299 72
872 406
446 137
543 741
68 667
90 127
623 868
147 236
208 14
389 87
7 552
428 515
752 715
749 664
220 893
574 788
591 670
83 859
941 827
526 987
912 795
17 697
234 833
164 696
203 146
246 276
137 224
85 154
506 449
913 391
752 425
665 826
133 372
446 709
735 193
312 745
544 20
929 622
71 185
628 778
973 861
120 545
484 921
445 260
874 758
752 230
849 956
996 74
887 680
672 295
636 616
838 500
549 111
161 806
398 565
205 809
576 131
903 552
705 289
996 923
592 978
267 648
961 595
823 266
624 270
272 243
169 935
918 30
150 244
965 17
542 353
606 797
667 907
962 825
299 292
201 269
186 187
741 651
758 635
617 885
85 951
841 893
59 808
524 374
447 385
674 327
819 786
451 953
203 741
308 30
889 730
142 576
287 150
971 664
845 191
519 66
501 889
502 546
817 422
871 623
574 457
474 3
55 610
497 226
712 683
185 522
39 46
372 789
484 847
858 92
161 420
107 291
938 148
565 83
985 929
532 268
221 925
661 608
749 103
108 369
553 644
30 998
168 445
222 505
403 705
223 64
84 506
943 533
40 864
192 939
445 439
805 439
329 326
669 584
678 286
37 238
335 457
31 960
32 994
236 258
990 175
519 943
153 850
38 357
362 184
605 364
400 917
357 611
653 182
179 531
480 18
353 772
318 790
32 124
149 984
166 910
741 606
188 946
931 10
626 882
935 626
332 517
828 642
817 151
949 946
555 734
280 7
346 264
6 108
410 825
15 726
493 312
759 573
996 209
781 955
232 62
627 471
778 511
711 591
327 326
38 831
920 868
316 693
206 577
636 14
638 580
731 290
471 615
792 350
722 739
749 186
986 156
414 669
218 258
402 189
222 330
792 461
702 112
631 186
668 160
83 896
528 787
147 883
41 404
98 223
406 652
579 916
433 546
35 754
751 626
882 767
903 829
8 186
341 293
122 56
696 263
71 129
588 813
40 235
453 690
494 888
614 821
634 223
653 871
965 661
307 279
900 256
497 767
443 855
939 810
213 577
861 885
454 309
699 198
97 232
482 930
600 193
249 917
50 158
130 6
480 79
45 921
196 283
892 1000
896 625
880 928
421 918
950 417
289 536
162 262
179 668
552 386
183 664
998 99
84 551
784 309
491 751
755 810
96 412
797 593
536 734
104 664
727 400
820 758
287 787
437 162
771 606
534 581
270 578
509 880
618 702
898 583
281 639
85 577
893 234
419 713
829 834
635 543
466 724
416 321
787 306
391 394
593 7
703 974
940 492
674 192
432 731
460 801
833 417
138 901
820 217
217 900
356 473
503 154
530 274
106 973
133 287
62 143
799 946
199 18
995 115
887 417
304 878
840 944
507 957
715 112
553 138
457 320
238 575
60 299
779 799
784 250
598 303
302 344
359 345
251 432
553 510
768 215
249 87
306 54
714 139
691 153
767 386
785 317
145 670
765 293
225 168
228 729
616 839
679 816
792 71
275 904
463 691
707 653
174 338
179 760
720 976
85 914
563 542
72 3
310 13
849 317
902 321
797 565
780 805
984 888
782 413
389 291
472 743
826 214
497 884
823 165
428 478
858 295
491 964
224 539
796 364
212 856
699 554
704 900
302 841
708 948
450 68
638 525
750 75
271 86
610 601
425 258
355 961
462 807
715 903
380 372
754 137
352 841
167 310
355 46
82 778
341 15
492 237
575 282
578 106
611 921
61 789
754 363
338 662
857 82
550 950
382 599
697 761
990 918
80 533
635 325
838 346
240 971
188 947
170 554
559 84
567 553
416 614
19 707
957 281
649 600
913 360
463 80
589 898
666 445
150 26
245 392
486 930
1 298
202 381
978 266
665 236
3 501
331 800
975 459
906 718
101 474
637 760
49 119
254 184
861 496
828 767
386 390
79 311
172 98
712 896
50 539
703 578
723 256
816 174
742 191
926 54
524 164
915 963
495 261
99 548
122 655
506 558
108 942
324 755
825 946
256 371
898 702
683 444
538 585
320 678
262 825
952 299
111 314
82 811
397 789
379 114
198 714
159 848
511 529
293 686
111 427
522 852
501 523
265 453
565 82
587 646
273 818
57 875
22 727
792 498
389 876
14 123
531 79
290 995
476 718
541 378
212 304
576 307
378 24
86 345
680 514
365 494
916 898
520 427
370 157
703 474
799 795
640 964
607 126
40 240
619 932
877 484
843 348
572 374
322 709
325 162
53 851
681 410
937 970
836 562
89 615
400 918
199 542
112 384
554 571
520 999
461 563
939 321
684 49
570 114
503 932
325 452
187 47
480 19
45 965
905 956
28 821
1 167
594 798
611 644
922 217
709 255
250 756
146 815
623 310
558 492
979 793
28 987
716 924
435 971
555 550
315 673
651 11
182 660
632 332
107 963
349 898
280 183
301 543
360 485
237 929
132 531
362 600
632 337
206 676
449 689
402 777
739 560
194 231
915 189
518 490
794 834
861 871
565 5
512 191
790 287
610 686
613 777
119 80
191 359
782 318
469 1
15 149
808 661
754 209
458 274
649 75
84 424
411 904
88 811
624 685
128 330
476 722
8 44
538 400
75 244
350 62
787 348
601 28
992 687
937 98
316 105
942 269
494 164
809 184
224 392
64 97
784 874
14 659
398 754
607 368
560 705
444 372
267 277
710 123
178 424
14 514
1 481
644 669
54 717
154 129
597 667
581 230
631 408
412 841
362 44
749 944
384 390
936 851
278 870
63 756
176 984
307 963
459 830
310 439
280 838
410 457
193 975
784 310
202 919
794 371
727 403
485 4
547 25
112 872
43 310
376 973
394 212
486 438
855 783
349 998
100 316
135 367
935 152
198 993
90 246
54 493
920 931
152 461
299 110
1000 241
802 411
613 75
9 213
66 414
565 1000
214 14
234 728
294 182
21 614
928 348
747 906
60 599
886 943
78 664
835 511
569 207
367 698
796 498
155 506
341 475
895 516
92 121
303 313
813 785
962 822
889 782
394 989
2 506
100 549
302 345
13 218
506 252
416 748
914 295
537 992
899 137
274 81
792 887
995 848
709 738
106 585
32 956
732 645
783 571
645 550
39 795
64 77
597 861
585 957
785 163
288 645
28 738
184 854
258 37
760 437
233 475
605 339
419 74
420 273
228 730
706 982
818 188
413 632
766 350
72 806
224 97
137 34
836 808
379 719
14 824
148 362
646 537
538 958
225 393
586 898
129 67
96 154
336 649
195 222
474 267
882 444
81 219
154 601
477 610
396 942
471 771
830 777
632 924
884 369
565 333
586 759
935 488
792 74
816 880
464 695
391 634
532 20
552 842
720 220
153 290
704 901
483 743
48 601
59 18
983 365
911 240
75 368
224 783
194 94
309 324
434 465
768 273
660 807
57 846
424 711
61 814
208 814
651 620
891 99
982 414
786 141
424 342
961 401
815 362
977 410
123 330
397 445
744 686
395 676
179 125
986 631
808 395
58 886
882 516
900 443
363 121
199 791
511 1
188 100
641 942
469 637
900 729
960 100
524 861
317 953
11 626
361 761
839 980
787 713
478 628
649 680
927 305
785 280
624 256
202 378
519 619
22 449
561 305
248 20
102 147
999 99
867 257
895 338
827 210
849 638
768 740
417 394
179 727
577 952
172 116
771 520
782 858
188 654
677 954
855 262
927 885
31 320
891 448
129 216
404 470
209 10
377 612
105 201
983 162
327 574
938 481
972 746
362 131
835 123
945 751
694 930
95 691
997 211
711 613
786 956
367 943
414 532
437 349
284 292
416 104
114 333
481 566
814 140
247 171
54 386
557 862
743 651
448 424
105 807
640 598
346 571
476 638
222 398
574 227
316 215
598 229
178 208
821 522
952 983
917 843
937 5
960 418
821 699
878 964
919 2
226 183
106 897
153 848
226 294
373 181
253 991
793 864
810 718
575 834
420 496
675 324
509 294
182 372
426 810
353 794
927 442
2 921
337 270
391 105
603 535
720 713
811 546
999 357
512 798
953 437
771 612
868 544
651 10
979 649
990 476
585 258
107 364
567 406
664 175
380 326
497 930
439 515
579 316
234 451
353 777
38 595
845 161
462 12
93 945
194 885
431 512
53 62
740 216
617 147
377 982
466 641
42 432
795 658
669 117
411 877
342 135
56 108
845 276
539 617
707 335
428 852
503 176
697 485
406 531
99 31
463 550
238 810
468 840
341 454
416 995
952 149
404 790
123 370
753 927
887 332
563 170
766 871
69 477
386 556
575 563
317 799
400 213
274 562
922 838
151 408
905 620
981 473
947 297
325 133
198 500
398 755
915 642
351 689
444 373
503 794
658 991
779 689
447 519
658 622
138 268
667 964
267 498
840 304
289 542
126 45
431 107
172 429
279 651
764 695
945 107
893 789
987 464
399 582
236 804
111 840
936 626
665 84
333 254
997 855
765 219
875 647
548 295
953 465
38 669
3 746
776 938
500 704
68 908
710 599
987 254
509 782
152 95
750 339
107 831
881 544
23 679
647 467
885 836
137 588
449 668
983 475
246 62
497 168
318 430
946 879
195 289
837 882
489 540
958 285
207 882
851 810
32 386
877 982
15 123
52 739
243 730
88 665
711 339
595 894
41 357
39 726
722 852
616 239
598 67
731 558
199 12
695 907
330 845
900 49
460 504
200 241
729 1
87 699
914 149
255 309
331 365
501 149
156 880
624 936
19 568
198 235
841 441
439 368
355 559
245 1
102 394
943 832
156 534
430 109
417 786
788 775
643 28
59 325
6 716
11 267
162 582
127 946
535 139
222 898
867 587
234 52
469 811
348 44
611 590
119 915
10 485
265 932
231 801
969 136
382 471
983 108
962 835
615 191
128 791
220 389
295 341
798 372
376 891
659 718
641 47
879 363
935 645
242 860
559 837
798 135
750 370
989 616
918 556
243 378
262 960
449 719
871 580
656 635
270 463
950 381
826 327
851 744
618 677
546 70
765 434
514 443
517 967
5 243
156 353
748 651
86 998
52 178
270 233
329 787
769 734
592 935
155 699
7 698
319 868
69 849
108 761
660 800
420 525
113 21
562 978
182 526
783 90
659 104
809 827
848 863
852 639
134 358
981 93
655 412
492 126
293 123
919 283
79 558
886 170
355 270
433 616
477 788
899 855
858 767
814 422
597 30
302 378
430 431
586 257
948 424
473 968
992 616
115 747
792 852
529 21
342 762
771 62
866 992
758 178
705 294
361 760
527 613
404 556
463 451
983 648
490 47
823 355
828 411
595 384
188 826
519 763
481 204
885 343
483 779
926 651
805 815
809 542
367 389
663 696
225 404
279 691
924 796
68 38
505 900
785 714
471 171
309 97
839 590
884 128
101 186
225 189
290 77
569 514
863 64
767 730
309 478
468 894
684 254
216 714
142 758
492 527
203 964
221 856
630 813
465 666
790 43
624 357
631 397
150 896
787 51
251 65
512 213
809 629
365 227
938 147
933 740
762 575
624 564
806 154
844 41
759 414
100 777
736 196
735 145
666 936
976 256
778 538
606 390
792 658
61 19
298 423
869 940
740 414
568 441
700 334
169 402
649 920
465 891
156 696
840 857
70 978
311 476
247 750
486 866
378 875
519 936
956 6
539 22
957 315
118 889
448 789
946 44
361 724
586 7
456 288
130 33
24 548
463 423
67 902
72 784
699 349
679 995
940 673
706 80
177 75
396 307
491 631
664 611
292 876
846 271
724 879
599 621
780 137
267 38
589 535
917 480
349 766
105 847
564 875
728 537
768 880
435 973
883 183
868 545
996 510
188 659
485 127
23 578
287 713
453 721
717 260
116 645
667 762
868 688
885 766
104 861
525 373
915 993
147 331
849 37
8 515
890 827
945 522
54 494
833 83
740 217
544 548
998 529
323 283
968 964
609 875
574 832
119 189
782 397
86 46
256 639
748 842
204 157
61 740
669 997
212 624
894 800
226 788
355 104
853 233
804 931
329 517
863 448
773 1000
243 799
407 190
285 542
972 376
991 428
316 244
65 444
565 455
40 238
648 493
667 411
279 81
653 868
652 512
965 658
491 23
18 669
187 766
504 874
126 424
420 104
442 416
357 563
908 133
399 818
951 353
789 390
774 730
667 854
979 104
492 645
323 524
32 751
879 515
724 796
159 35
110 695
202 514
171 593
600 401
585 451
306 548
830 556
441 315
632 34
870 588
785 658
510 431
632 145
740 397
686 434
401 632
180 711
641 115
493 392
741 17
662 427
906 73
91 85
384 883
938 422
846 807
849 1
319 109
453 689
989 805
460 53
156 286
109 474
56 154
610 705
972 984
419 808
797 3
229 961
858 19
678 782
630 567
407 508
944 605
119 54
447 764
652 358
531 24
489 829
570 638
368 442
97 732
22 156
591 932
373 647
971 555
857 202
455 417
293 70
645 241
958 328
62 285
378 94
325 949
92 960
623 612
937 51
921 726
374 739
834 349
84 172
965 741
450 594
14 339
277 547
481 456
890 100
818 969
654 355
70 26
357 812
26 148
232 993
763 591
526 345
303 736
179 942
957 355
747 491
279 347
266 534
33 865
714 104
93 125
974 926
611 992
79 62
652 166
802 535
140 914
346 773
71 682
475 293
451 524
560 316
461 842
796 709
746 936
234 68
326 636
510 233
811 732
499 88
944 507
943 647
968 497
200 91
589 479
989 325
629 184
258 615
979 127
713 259
586 531
898 439
59 881
811 438
190 453
485 183
142 616
750 765
789 975
292 745
719 642
423 65
264 726
823 736
882 156
467 926
820 922
52 268
347 344
275 39
427 288
319 790
251 932
582 920
416 223
159 889
660 946
186 569
740 96
513 207
247 80
29 157
378 289
952 112
644 366
242 368
601 783
798 723
644 253
629 174
125 767
874 976
4 227
833 93
709 930
1000 570
456 984
572 510
580 913
136 266
302 379
14 303
397 157
607 148
404 719
154 434
47 429
966 61
218 829
679 664
321 10
853 741
583 316
435 564
273 433
781 827
538 335
867 537
233 437
662 932
991 952
636 778
248 22
466 53
931 901
440 1000
774 573
611 621
443 239
262 353
615 77
873 374
529 930
605 87
45 128
193 949
56 679
202 941
702 802
298 556
116 811
724 554
256 880
280 94
155 858
870 327
926 53
82 681
380 70
822 435
116 632
962 360
158 381
678 628
589 7
475 747
557 553
299 313
561 558
377 937
428 739
759 488
523 502
962 10
321 178
433 856
698 174
878 398
346 743
611 305
902 910
706 7
778 648
304 971
89 63
531 80
327 13
886 772
388 407
1 883
207 446
91 758
505 797
874 839
726 812
690 934
889 569
790 457
661 959
611 124
938 724
649 927
343 889
605 582
677 73
292 425
93 456
574 451
888 582
705 144
709 696
38 331
658 870
314 381
176 721
340 300
272 68
455 941
315 230
297 535
378 586
788 943
171 999
884 324
528 894
447 626
728 764
196 434
841 35
434 635
733 117
538 69
561 428
191 60
805 553
7 27
724 991
47 406
413 832
978 580
328 936
111 935
759 795
98 814
29 656
698 97
447 795
440 337
439 541
501 936
428 274
266 430
693 298
659 630
931 509
788 82
493 308
76 284
918 725
15 323
989 704
928 608
431 755
103 886
108 540
544 660
872 97
467 711
801 59
40 659
437 703
43 792
562 776
744 955
186 864
247 137
998 963
433 725
783 157
539 393
635 32
435 176
473 869
221 671
826 803
653 786
250 113
588 809
899 174
682 290
922 725
69 364
177 151
196 757
814 334
943 174
857 681
896 855
839 777
917 591
222 789
723 784
84 990
202 289
386 184
151 376
889 193
656 198
914 642
718 388
102 89
915 238
16 820
704 321
819 944
796 624
133 532
525 766
584 134
567 71
938 27
185 714
992 443
730 86
578 956
198 544
253 406
185 174
37 949
548 65
578 559
791 272
524 393
720 356
95 612
702 468
557 335
337 820
321 431
623 50
436 904
879 164
55 934
994 910
649 313
7 403
636 447
28 828
271 126
113 926
172 285
302 672
433 791
518 356
207 749
632 701
282 724
315 405
35 948
347 650
756 870
464 622
445 180
126 838
697 368
66 833
566 658
184 396
523 877
51 92
680 876
53 758
925 930
50 92
732 640
182 609
239 880
610 100
538 505
97 159
528 319
171 769
67 670
120 855
197 61
415 394
2 61
844 788
302 170
22 56
628 504
931 1000
400 864
993 167
576 457
392 848
555 837
439 822
177 483
270 768
974 40
8 879
263 245
249 300
564 10
825 696
134 98
300 382
873 68
836 88
108 823
949 871
578 563
409 530
711 749
986 284
897 357
76 292
259 860
510 388
480 905
308 183
137 9
270 239
398 416
950 669
937 594
55 827
95 894
21 903
652 963
635 797
372 941
122 952
877 952
199 204
769 589
458 454
317 385
928 234
437 536
518 723
557 887
448 335
48 777
30 905
144 584
161 622
491 291
597 171
230 908
156 807
297 135
730 740
697 765
130 646
882 515
464 872
467 315
306 71
752 27
951 533
753 822
628 902
370 914
991 372
79 846
634 19
784 806
64 428
193 584
88 290
643 122
420 417
888 265
36 804
233 436
982 827
382 23
936 159
996 791
686 47
465 729
174 259
988 211
664 521
594 822
813 472
390 299
211 378
875 803
987 493
605 86
97 359
763 918
824 830
897 54
182 56
336 360
923 838
603 298
275 759
663 920
727 197
929 374
158 64
646 121
439 681
579 466
589 181
863 554
440 404
78 394
501 816
418 471
973 167
128 743
321 256
892 89
958 832
197 544
21 923
540 765
445 895
467 667
820 157
179 271
901 188
597 365
246 373
708 586
658 419
87 543
808 588
471 956
916 543
204 857
332 358
355 223
412 270
948 360
472 33
295 864
882 724
791 127
226 80
209 774
514 661
554 882
757 905
350 465
435 373
945 384
89 762
73 221
553 75
809 209
685 446
995 762
818 97
362 165
970 932
844 973
685 463
61 469
541 811
527 744
985 727
940 675
410 334
619 484
158 736
430 901
224 44
277 30
101 506
672 772
37 702
828 671
802 320
444 505
339 442
641 484
167 848
923 802
391 776
788 492
664 178
920 220
993 570
944 226
854 613
812 638
110 213
205 553
6 496
247 324
48 262
749 34
638 879
472 594
845 47
155 583
449 294
695 621
517 797
459 205
425 461
595 681
209 422
412 221
460 281
18 324
346 841
259 690
332 420
902 984
535 990
702 117
703 260
709 839
711 249
288 177
911 971
382 689
753 3
809 881
973 574
483 773
249 348
804 572
382 512
146 194
541 459
30 848
1 682
682 291
611 155
896 953
314 514
391 101
447 802
109 217
856 193
984 438
346 701
2 167
776 386
68 420
658 986
37 495
899 476
900 547
81 567
347 191
110 714
770 83
974 819
450 690
581 115
470 722
839 703
73 420
625 887
76 893
296 581
483 837
409 874
284 786
283 833
799 34
761 637
953 613
827 396
920 282
774 405
888 142
923 657
928 805
980 614
267 213
253 36
312 458
24 510
561 169
548 433
785 801
682 655
2 525
918 519
604 119
966 883
220 625
441 157
550 31
65 560
411 556
218 59
379 208
788 230
938 311
591 531
632 480
507 116
768 154
242 784
755 282
423 786
317 267
869 302
337 725
879 346
158 453
950 545
662 606
755 395
869 703
337 614
838 966
341 118
134 822
915 443
168 619
611 328
149 239
47 196
804 961
787 245
203 458
614 1000
759 241
874 781
411 25
161 562
454 217
292 268
437 805
403 621
226 24
135 694
891 790
123 640
341 313
288 443
291 972
801 526
408 688
923 19
602 606
487 240
198 109
934 945
224 424
904 740
231 239
527 514
642 296
736 563
538 361
687 328
709 256
337 957
253 900
804 20
745 72
307 296
372 54
656 35
850 233
978 434
427 696
139 204
432 82
383 705
606 698
510 239
246 847
242 633
225 397
229 333
429 379
712 873
50 624
215 302
664 972
889 472
7 98
300 488
673 514
510 457
573 757
480 684
122 489
604 173
567 475
346 205
418 238
975 566
615 733
119 464
234 518
16 733
683 343
43 52
704 874
925 142
382 831
376 715
753 697
385 697
243 413
171 136
579 23
708 945
967 932
952 387
455 208
600 985
569 126
697 772
934 390
938 77
367 629
481 558
298 172
446 380
289 423
164 565
613 734
664 634
619 657
229 947
88 999
160 436
354 523
31 126
909 350
13 873
317 211
689 985
583 24
269 80
457 496
165 911
314 587
187 715
858 139
136 667
984 511
213 915
235 71
252 895
993 507
45 826
118 784
525 240
106 824
474 144
706 903
836 618
529 134
322 924
861 41
979 34
28 814
710 982
287 35
733 111
864 339
774 563
371 210
941 34
689 201
301 131
140 775
82 941
475 176
591 230
502 802
760 34
335 932
31 447
741 262
176 194
86 581
413 235
125 33
422 14
887 588
984 684
189 693
595 942
447 109
161 92
567 795
132 459
498 183
691 860
825 38
848 385
669 109
691 973
213 273
56 84
756 953
906 496
138 582
632 354
161 303
270 123
592 21
868 162
264 48
764 499
269 257
253 207
296 353
350 180
976 259
740 356
541 373
428 914
568 461
499 779
540 51
812 808
136 345
763 186
50 259
914 216
143 574
667 432
861 130
942 762
874 724
998 812
182 703
331 391
259 162
867 345
80 645
136 23
527 981
253 618
325 173
953 908
535 494
99 835
429 255
346 725
35 280
823 467
914 525
384 246
602 808
987 554
491 987
165 534
370 744
245 280
417 569
804 179
467 526
276 372
477 437
581 47
984 535
309 748
672 243
298 639
279 720
798 288
380 791
901 569
59 842
410 656
305 462
580 351
76 399
770 640
281 613
500 543
90 799
287 603
721 983
85 536
341 910
397 940
589 88
536 28
283 44
232 395
243 420
638 767
16 444
608 446
262 681
302 650
673 118
503 31
18 325
696 323
501 490
195 615
436 379
227 86
288 528
532 413
860 994
19 322
840 922
360 580
445 469
835 693
348 477
750 730
382 912
97 768
648 400
874 712
986 730
352 690
403 814
904 713
212 166
895 163
754 737
107 907
131 984
116 314
614 521
746 657
857 728
823 881
610 416
425 580
654 599
69 29
234 468
552 505
453 33
149 917
903 268
984 580
896 486
453 271
662 221
442 112
940 791
478 850
797 954
673 756
31 486
168 80
611 196
828 700
775 999
674 278
758 21
332 950
23 755
7 142
988 809
627 155
52 517
375 865
785 945
717 438
720 358
993 694
759 543
872 417
198 885
968 916
364 517
471 291
552 851
612 291
1 32
130 892
590 350
959 175
566 455
679 220
204 188
223 224
668 275
355 56
305 885
375 346
144 622
473 214
751 559
147 661
494 572
65 492
948 289
933 179
986 527
882 620
726 709
487 243
17 163
933 405
112 396
357 707
590 363
586 459
456 748
572 170
577 260
268 203
658 575
220 204
348 953
59 182
885 206
444 388
687 312
959 146
590 685
633 142
248 108
102 123
175 645
262 267
391 941
174 455
413 917
755 780
125 608
44 87
324 374
424 541
864 771
902 101
261 355
953 650
300 271
836 489
927 946
414 771
238 71
574 573
820 190
907 654
584 273
99 748
65 908
981 662
416 210
346 927
130 832
256 395
556 766
373 582
912 786
269 395
967 820
398 81
346 782
238 784
5 401
262 512
618 978
517 118
991 195
42 150
958 408
544 444
491 293
351 959
318 167
527 210
454 58
350 507
226 61
304 671
91 130
821 674
991 374
23 32
260 918
409 372
857 886
771 34
62 745
429 154
411 435
250 393
567 596
164 89
610 505
719 963
442 359
831 963
98 709
26 102
870 943
525 64
767 61
453 165
782 188
465 735
429 444
345 875
914 712
275 938
537 259
331 806
908 274
823 29
757 265
831 566
500 870
432 206
694 234
845 854
6 232
211 767
135 396
655 757
141 827
200 201
55 341
202 827
979 609
46 904
325 997
894 332
452 423
437 21
55 714
446 221
788 40
462 619
265 237
854 313
155 119
930 738
740 176
890 517
66 451
782 437
855 368
949 396
535 839
742 212
854 27
13 601
240 289
117 549
647 586
835 442
599 461
179 446
416 988
455 469
312 797
369 796
498 632
834 254
708 731
839 115
53 522
290 876
221 696
363 503
912 427
71 155
198 136
165 977
154 354
247 629
737 715
338 406
675 621
272 765
749 676
368 866
837 662
116 295
136 918
728 848
892 963
718 431
404 947
158 180
27 971
819 552
537 287
495 867
163 679
614 223
46 347
802 973
777 271
471 218
400 569
681 600
332 572
945 979
999 352
451 150
915 519
997 911
158 19
529 685
370 173
379 281
225 662
778 132
617 116
462 718
415 335
772 954
921 491
461 339
750 299
113 870
460 13
722 440
371 666
998 533
160 817
927 539
897 451
824 280
895 138
218 154
40 662
406 6
204 153
373 574
65 229
468 742
844 73
169 839
653 557
156 75
860 386
892 349
855 174
41 413
832 432
423 735
174 675
86 383
804 574
36 640
218 559
810 363
829 477
761 511
448 56
930 832
145 504
164 300
93 450
64 200
875 272
192 712
298 137
737 727
956 951
248 260
525 166
156 527
343 911
308 882
519 904
297 487
672 725
417 762
229 433
989 42
157 873
121 340
177 26
430 820
567 781
783 880
664 724
224 91
961 698
637 713
712 736
380 598
785 628
148 348
222 709
82 40
559 590
230 240
489 58
197 777
456 141
183 298
538 983
831 590
410 578
470 946
641 454
458 922
846 9
615 372
564 762
489 340
16 612
110 260
241 491
93 586
918 517
483 955
669 385
462 641
821 326
881 731
804 118
702 475
800 833
134 167
908 106
394 304
177 896
38 963
9 223
527 261
198 645
750 438
664 477
955 750
351 425
686 882
108 658
53 319
113 108
111 489
616 69
929 888
9 778
602 395
181 689
4 11
633 631
8 206
749 441
967 6
343 337
952 805
383 207
965 737
566 768
382 909
408 690
596 323
134 924
545 539
395 924
931 574
696 409
36 922
878 897
827 625
19 684
149 613
222 869
369 663
951 720
314 663
776 416
80 989
779 579
546 842
837 217
123 849
352 445
854 189
680 171
794 447
278 772
154 798
712 796
270 916
791 681
966 544
590 844
281 258
546 270
569 599
487 916
73 672
661 47
862 864
332 987
259 335
977 394
328 882
521 549
722 350
337 900
580 64
112 801
985 560
252 241
128 441
774 32
794 994
450 44
859 136
200 539
973 128
276 976
596 973
946 780
74 979
91 851
299 366
502 875
360 379
237 22
554 488
259 652
344 484
9 706
695 885
583 673
881 156
402 512
762 873
65 463
765 866
44 835
830 806
101 958
56 569
155 250
709 575
691 476
758 493
88 7
326 1
457 502
793 620
386 938
10 846
176 602
304 623
636 608
947 247
770 836
37 323
705 313
526 313
813 979
748 505
823 457
880 769
273 437
40 456
373 742
948 890
240 575
461 665
762 412
205 660
815 958
993 284
732 171
242 667
974 152
247 931
741 691
79 316
11 52
380 781
257 404
647 227
798 341
887 696
871 279
954 63
685 697
349 951
289 916
678 344
932 618
424 877
164 919
533 490
937 657
366 21
684 138
498 181
998 446
387 305
803 620
825 36
720 190
42 454
133 45
618 533
450 931
103 991
164 885
825 149
312 960
699 700
778 293
797 199
175 963
583 698
51 477
364 876
203 182
795 435
901 185
208 768
931 652
382 664
588 35
458 328
152 967
541 371
856 347
52 800
606 395
195 361
152 886
374 95
66 900
231 450
655 364
967 462
532 729
14 597
900 389
834 385
553 63
60 89
23 71
325 171
535 488
296 959
612 510
961 947
999 223
782 643
560 683
379 943
96 647
559 708
344 713
222 750
646 611
957 905
462 25
138 371
91 305
993 52
289 365
647 182
704 488
135 98
676 838
254 814
755 967
225 548
627 283
871 933
160 741
942 127
474 461
375 270
603 599
59 701
464 171
878 450
500 537
267 904
289 944
732 348
436 769
294 419
684 223
33 75
643 725
833 556
940 256
398 71
323 286
312 109
81 336
375 82
51 392
414 634
143 88
721 256
208 861
242 381
642 36
726 243
433 893
57 904
621 120
605 787
623 478
274 507
424 276
978 871
942 570
303 4
786 94
131 175
706 265
320 244
2 384
735 918
701 2
156 665
36 871
205 792
97 887
739 288
981 483
675 520
948 540
92 654
239 713
990 371
956 39
196 764
92 317
240 187
995 616
858 868
296 697
975 27
278 889
606 906
407 607
768 563
508 412
126 87
583 775
771 936
774 505
353 681
817 90
472 121
778 324
738 572
689 96
808 499
732 2
608 16
368 789
3 720
388 610
959 277
158 12
599 744
834 577
154 767
966 886
932 930
441 905
295 98
958 934
924 626
872 419
234 688
863 623
739 597
705 581
670 133
618 730
268 893
87 269
143 15
789 761
773 132
686 883
673 16
124 246
271 235
330 661
829 685
947 734
415 796
383 242
296 428
978 139
905 246
869 525
962 516
229 686
403 513
687 785
929 601
161 567
740 689
936 363
661 898
978 986
923 103
374 391
268 272
396 221
221 272
593 646
984 486
804 305
26 300
628 989
754 688
335 393
136 625
727 923
193 608
782 712
14 630
71 387
183 837
577 282
960 142
196 720
602 895
399 797
936 167
38 524
724 206
482 561
219 910
9 605
220 125
417 87
138 213
250 708
491 562
25 951
409 843
194 755
470 620
557 124
370 17
202 843
180 561
72 410
220 306
996 435
797 702
67 385
54 137
276 187
974 462
134 241
119 429
267 976
930 112
285 579
833 635
63 58
484 973
102 532
893 375
739 766
393 489
366 489
223 288
134 275
191 198
599 197
787 455
220 886
227 178
320 624
156 238
32 420
665 912
193 636
832 27
694 517
855 204
494 623
857 661
249 424
599 408
3 136
644 137
648 76
333 868
799 815
951 992
633 643
870 920
620 399
895 775
314 598
957 416
231 191
892 731
508 768
333 290
311 359
519 834
350 283
930 315
325 71
533 738
700 117
25 315
889 52
504 22
654 610
208 986
809 411
495 984
686 51
389 187
79 142
392 880
361 429
383 516
543 140
488 808
381 35
474 327
770 312
423 258
166 792
54 643
210 333
395 293
270 659
785 861
890 958
378 617
910 931
76 501
690 414
703 808
13 565
533 489
592 859
614 771
142 251
986 111
471 741
76 219
833 496
172 582
48 636
621 369
822 363
983 514
994 549
8 474
65 799
969 865
911 66
617 422
918 246
7 222
829 326
242 480
652 705
874 817
156 912
82 772
424 456
703 903
250 102
711 55
568 447
198 142
878 604
192 979
924 284
253 758
142 449
992 522
335 464
227 763
46 157
728 52
156 549
145 940
2 223
40 22
495 542
645 615
689 959
627 544
212 252
412 974
495 911
558 171
601 858
612 180
841 85
419 352
818 383
675 474
658 660
625 847
837 434
50 932
219 871
150 395
211 651
876 751
737 343
42 615
663 760
171 265
64 999
699 799
868 448
629 594
177 521
121 277
702 573
940 370
247 320
836 291
693 166
307 535
843 633
418 388
954 818
354 518
744 130
215 241
750 408
381 523
54 403
868 99
198 558
203 196
939 200
446 424
817 820
472 227
96 995
942 968
709 835
502 963
378 213
658 387
87 575
102 911
327 236
700 522
368 483
518 671
425 124
134 660
601 251
252 621
491 495
72 427
886 148
925 552
757 873
169 496
117 458
136 711
230 731
654 715
508 985
587 230
127 161
936 430
554 997
571 668
583 370
35 424
608 614
292 89
681 204
296 924
465 635
283 694
984 297
503 787
343 638
501 80
560 584
408 485
980 285
283 551
70 365
989 89
426 777
49 38
33 953
361 468
549 401
861 415
789 354
558 417
321 685
927 20
654 884
207 263
208 464
275 383
362 857
167 880
719 775
812 107
137 677
195 123
54 162
916 185
111 55
997 50
417 6
60 922
404 260
134 165
971 624
341 943
621 570
459 284
902 158
389 121
468 550
158 446
829 571
762 526
726 173
214 113
180 1
364 447
91 998
899 565
612 12
540 801
617 402
730 211
35 955
91 535
455 14
472 110
164 620
973 734
903 907
354 110
597 146
106 671
213 153
51 50
554 167
757 988
541 427
362 436
878 532
50 234
402 459
283 372
286 693
417 725
911 638
690 137
280 630
18 522
936 25
140 5
719 310
296 888
957 381
784 989
948 864
76 959
662 914
385 749
79 4
676 42
515 236
221 211
258 351
616 991
641 579
719 8
600 356
96 675
478 845
698 532
284 882
780 847
110 452
491 706
846 504
689 387
780 990
270 692
570 390
474 275
257 319
447 572
372 502
507 345
989 609
594 403
375 838
501 515
603 483
180 336
777 770
137 419
1000 213
85 477
820 864
488 393
949 4
290 643
552 818
369 442
582 914
53 224
441 646
104 200
596 685
333 513
82 771
449 12
786 133
424 350
385 968
652 734
156 909
150 259
515 622
899 975
864 408
243 989
796 93
728 315
925 639
218 741
572 500
648 476
500 399
834 443
529 463
649 74
288 475
397 151
623 759
202 49
423 595
810 432
539 146
616 639
467 175
145 343
164 245
3 177
666 275
739 379
351 609
944 593
511 367
813 305
637 941
729 546
650 926
499 284
581 166
582 129
345 902
641 753
913 628
241 885
42 878
149 970
462 3
138 349
936 930
793 95
297 872
45 250
769 198
788 358
167 786
157 369
765 156
289 843
231 544
452 275
533 22
76 615
3 811
744 393
360 498
158 69
72 262
327 566
627 84
443 427
613 169
815 877
228 137
983 43
271 927
194 152
546 101
216 576
983 408
270 349
241 147
316 683
890 512
248 764
90 456
881 451
789 560
403 493
792 206
670 365
985 349
325 708
506 854
643 434
938 45
156 98
908 983
721 452
904 100
78 843
56 537
959 966
216 188
913 234
416 846
213 877
79 523
545 999
89 311
19 520
458 40
350 474
268 473
184 568
774 983
459 590
830 595
890 38
454 455
827 955
899 86
956 29
225 13
690 81
675 767
505 124
805 864
723 235
634 274
304 363
747 17
197 240
98 599
335 870
750 771
770 507
824 880
384 209
516 666
591 198
684 292
958 326
85 600
408 215
854 924
105 115
430 616
508 344
950 99
629 928
703 617
803 351
660 316
176 599
609 668
483 411
157 198
859 980
287 583
972 717
976 776
506 847
441 988
63 379
116 602
32 271
705 744
412 932
815 615
472 885
949 493
938 126
123 44
513 530
473 77
809 747
847 807
890 532
133 289
985 42
587 298
398 191
430 268
32 203
804 569
291 582
330 928
31 648
967 428
863 239
835 838
839 886
17 187
680 773
59 448
819 506
326 222
205 999
206 384
687 179
46 41
912 199
162 570
741 311
59 174
857 589
549 271
37 635
274 863
791 326
139 167
676 902
932 488
385 123
24 293
82 39
836 844
949 619
755 820
917 13
295 425
153 368
747 424
340 770
159 334
632 611
24 451
354 854
819 852
552 569
955 404
355 608
836 497
485 237
324 685
971 602
884 485
229 232
881 681
898 895
110 744
470 421
798 675
181 966
188 993
989 187
422 496
243 565
299 263
213 469
941 883
829 683
521 202
285 985
342 810
588 22
916 621
365 198
902 584
616 215
799 932
356 594
161 580
59 81
674 666
307 95
532 556
679 399
312 583
761 408
889 339
853 488
250 159
533 792
75 792
631 807
445 358
502 377
918 654
789 132
120 750
156 622
814 772
454 271
499 658
524 769
895 464
418 692
310 334
421 559
157 729
732 851
644 521
900 915
461 835
799 175
25 210
89 832
128 880
537 468
599 530
49 210
604 389
50 621
508 273
642 873
976 547
99 852
637 460
983 800
733 857
370 353
885 526
779 145
310 805
959 408
217 675
722 492
309 228
392 240
32 311
506 754
678 722
91 852
413 769
759 285
725 669
468 682
803 393
786 883
650 459
8 399
82 768
886 239
860 823
457 383
44 6
423 531
38 268
496 113
761 459
498 675
504 604
703 672
801 432
916 871
247 621
911 556
508 219
847 674
614 747
390 993
522 671
753 650
74 471
404 39
861 770
933 437
40 60
524 536
979 203
137 746
639 157
487 96
415 690
221 20
439 477
452 856
755 545
827 892
719 186
426 831
67 547
712 684
675 288
1 337
555 790
521 906
206 154
499 396
235 390
755 895
828 753
496 874
162 439
662 264
918 998
614 17
46 541
569 624
181 378
863 882
560 38
148 117
646 796
105 176
821 266
90 772
42 675
370 20
99 558
333 433
471 374
31 969
114 17
42 306
669 247
506 679
569 451
38 782
555 240
114 96
900 345
688 479
156 349
267 732
750 109
494 303
601 963
673 478
912 882
350 619
167 460
26 736
526 813
412 405
655 75
658 413
201 606
751 754
517 86
171 84
4 63
541 368
669 827
644 765
950 528
94 162
908 548
127 318
697 908
373 11
344 831
589 971
957 307
301 431
28 617
527 577
197 110
843 436
315 255
600 159
412 895
420 338
980 362
343 698
325 347
20 655
846 279
774 528
873 347
376 221
28 958
346 509
348 131
256 384
673 604
214 572
92 152
920 179
703 616
477 296
765 191
927 848
508 200
200 233
385 425
45 511
431 922
124 408
107 842
241 348
63 239
48 316
214 137
604 769
401 556
972 861
105 535
791 576
411 759
13 663
665 556
904 340
133 14
760 622
731 319
213 403
710 819
243 713
210 91
678 885
960 586
725 454
657 942
514 849
736 993
240 208
627 540
259 342
740 261
672 45
203 437
259 487
132 111
9 716
563 181
139 240
378 152
778 792
193 488
856 88
123 619
861 985
774 944
316 466
942 394
490 333
520 236
991 731
387 361
500 230
875 50
390 494
370 907
948 654
107 667
954 463
40 387
44 443
995 621
357 908
912 87
735 599
760 129
728 735
103 233
840 313
367 421
516 744
918 28
906 652
451 268
329 546
267 122
876 702
656 309
314 51
779 487
805 499
470 950
590 999
662 304
264 595
727 389
51 813
603 360
253 431
695 312
57 380
845 235
977 51
236 177
7 794
962 736
393 898
582 650
484 638
42 379
397 971
180 493
78 452
545 497
449 260
787 428
76 29
574 868
77 820
316 620
190 109
678 122
488 333
694 653
402 5
441 729
542 337
198 411
308 367
881 27
688 709
374 248
375 337
469 156
296 318
669 487
544 4
800 126
221 764
922 641
316 144
727 273
72 660
235 960
255 397
455 703
277 555
705 160
317 826
639 363
396 175
571 539
166 513
581 430
504 142
514 377
736 457
952 758
40 464
993 478
900 638
248 147
893 637
57 749
362 231
59 205
334 321
176 879
215 454
552 474
510 134
23 991
906 721
600 454
49 64
585 22
345 985
197 856
589 582
609 392
64 515
489 26
734 107
627 47
831 622
906 819
980 640
858 520
286 17
369 355
862 868
132 703
647 8
261 477
209 36
543 459
674 422
512 309
587 843
897 205
811 771
205 48
523 151
45 455
214 326
125 889
107 786
271 901
898 721
60 952
670 85
138 842
655 803
74 844
399 717
474 162
111 299
88 544
884 678
643 888
660 954
772 668
670 375
708 974
856 218
397 721
385 861
669 933
692 122
961 939
109 216
99 858
386 533
886 816
986 970
888 852
572 502
541 397
635 350
545 586
512 528
342 640
550 421
73 769
193 464
63 415
71 467
205 989
867 432
460 842
616 752
339 107
784 940
801 770
258 31
112 436
559 447
102 318
837 185
982 818
822 519
749 989
311 6
477 314
509 137
139 51
421 851
975 476
667 903
46 320
893 867
250 743
842 419
912 520
7 47
103 390
827 458
955 241
98 770
213 666
340 827
694 158
471 19
772 828
702 693
168 876
462 338
176 343
149 396
833 683
134 208
172 803
891 477
826 352
534 529
775 345
394 500
693 240
273 525
129 609
655 180
837 817
185 314
817 781
179 276
696 938
470 277
527 455
950 995
682 133
977 967
248 817
65 141
66 254
469 227
515 575
60 384
333 948
327 154
773 780
478 2
668 118
435 205
870 34
23 466
264 483
943 45
433 284
207 230
357 693
305 858
273 260
28 30
773 942
316 446
300 987
611 735
840 544
311 245
813 275
795 264
482 517
323 539
217 83
719 153
757 470
317 693
301 80
413 566
586 238
537 482
421 887
371 180
633 329
286 335
34 316
132 849
614 163
710 726
180 581
660 335
309 359
914 971
440 746
607 874
475 192
500 758
238 409
418 161
10 23
449 541
394 281
696 761
716 708
935 426
973 243
479 894
172 918
985 669
664 454
479 377
544 684
427 352
730 75
222 111
590 503
829 645
29 349
753 171
644 302
976 342
406 553
431 250
910 105
327 233
369 819
773 832
636 855
216 154
38 722
611 51
633 719
118 1
250 994
321 801
363 170
501 103
862 128
874 643
294 646
36 791
230 734
417 915
605 418
94 927
149 588
982 449
631 754
232 910
408 354
625 445
74 141
663 55
387 360
559 390
926 927
747 110
486 918
162 568
948 655
54 714
389 343
26 91
390 712
288 850
850 252
228 696
927 384
107 749
608 822
183 176
701 563
119 822
963 436
232 586
961 849
875 736
552 285
571 43
595 161
390 389
859 788
163 781
567 407
275 711
132 708
890 898
713 511
452 341
327 619
370 202
319 7
102 669
613 242
9 369
547 753
566 191
275 18
332 225
1000 11
998 554
837 888
397 603
165 463
661 458
185 257
38 956
687 590
65 811
85 280
816 881
53 314
146 492
330 657
894 714
648 886
5 423
692 823
9 956
446 331
322 301
986 836
716 93
360 77
461 315
481 628
578 26
616 217
910 69
714 586
168 197
293 77
521 505
133 404
302 501
882 535
98 102
9 751
585 753
404 542
442 619
5 635
563 1
835 804
359 418
752 70
553 123
350 291
80 835
120 752
961 974
356 912
2 130
41 952
408 597
207 79
874 456
767 7
73 111
550 747
755 612
224 581
211 505
397 585
917 333
747 360
913 542
96 38
296 552
975 360
564 901
728 555
638 18
785 740
860 56
871 10
868 531
428 172
86 560
806 857
711 852
158 108
63 209
798 28
821 421
488 534
200 433
832 805
43 45
815 827
372 663
432 612
342 207
751 917
418 459
540 610
389 90
963 893
640 392
329 793
772 804
259 610
207 856
817 736
412 28
948 126
307 878
125 715
218 351
616 993
612 35
447 659
852 530
669 932
526 795
985 503
342 820
517 112
331 37
575 270
853 168
393 458
969 939
53 560
57 565
853 25
191 646
729 107
644 4
580 922
248 611
585 612
583 17
969 645
343 377
349 187
667 90
5 607
283 341
451 727
268 391
307 347
326 149
864 64
353 41
62 659
302 98
433 209
110 939
558 147
279 374
671 656
999 7
286 438
73 11
420 312
645 801
174 267
177 37
209 651
325 357
642 41
770 18
275 944
167 582
918 154
633 172
212 286
954 766
761 658
33 614
642 216
384 200
556 374
116 141
297 877
727 511
394 639
234 304
769 219
589 506
846 475
11 184
950 808
902 424
944 254
533 388
176 60
777 728
871 610
273 627
462 621
926 220
968 978
424 459
668 435
765 733
57 774
123 314
481 978
227 210
807 683
674 911
913 461
570 588
184 255
276 727
194 296
982 433
450 862
200 873
238 929
809 981
541 334
263 968
910 61
473 784
860 900
4 200
880 500
246 111
728 282
468 29
231 277
523 504
576 990
539 194
558 610
763 288
503 946
762 104
945 440
451 691
418 200
880 211
273 507
476 262
849 804
79 987
80 779
303 991
836 550
446 814
45 936
230 492
106 150
657 302
952 939
70 261
519 576
116 451
139 188
231 786
107 256
607 695
670 719
690 257
582 371
660 473
333 207
693 543
90 964
767 898
271 681
236 842
628 68
909 547
225 575
337 710
820 662
33 364
654 958
470 795
676 722
589 367
662 389
629 606
138 33
485 246
17 816
125 847
107 844
594 342
445 584
983 456
660 29
231 220
226 601
775 444
501 721
742 945
213 517
342 35
200 600
309 218
590 325
429 835
398 96
934 374
493 990
603 50
816 879
142 101
826 582
364 845
325 114
130 949
518 256
48 890
146 171
990 824
772 557
790 434
766 771
213 129
476 597
937 221
740 662
688 825
429 937
321 800
216 10
973 792
238 60
190 514
197 302
491 1
936 402
666 295
301 256
219 327
793 728
335 33
339 34
752 679
1 509
37 407
62 826
410 315
700 168
480 459
427 596
887 934
474 537
935 948
607 683
367 342
773 337
480 442
818 494
533 873
68 608
357 253
197 900
91 385
533 218
937 929
8 971
372 414
767 567
827 354
591 453
168 805
777 921
863 295
228 253
381 457
733 532
458 870
419 756
168 948
372 700
835 60
854 264
637 248
252 90
474 204
57 92
111 273
648 537
852 724
872 55
744 949
855 150
125 949
919 693
833 444
802 369
397 683
18 160
809 699
557 761
9 931
854 69
91 619
221 984
421 182
646 433
902 591
820 460
179 508
731 571
132 16
927 395
477 767
529 968
579 830
89 495
752 153
645 264
919 377
544 117
987 943
880 61
503 334
222 220
689 537
965 892
934 937
791 16
403 851
80 836
1000 885
879 843
970 917
221 13
978 648
830 761
176 658
837 195
729 458
552 77
129 268
686 24
291 48
665 227
173 76
712 770
362 903
913 541
382 450
427 705
390 471
528 244
875 719
824 811
755 789
572 741
98 951
135 417
945 797
710 543
289 785
253 448
668 795
200 118
452 777
10 93
854 586
216 842
16 582
309 463
293 970
336 419
229 184
360 41
444 836
306 947
789 838
994 824
738 942
271 686
102 936
11 458
308 676
57 120
703 470
406 773
66 502
202 969
154 523
423 814
137 129
673 55
216 390
549 890
843 867
828 145
167 293
26 651
423 959
764 487
49 875
51 229
798 832
640 582
625 56
237 306
937 132
169 18
890 172
1000 548
431 246
257 663
886 208
726 649
639 440
550 475
348 711
809 83
314 595
800 378
126 468
736 632
754 721
991 652
88 299
509 421
914 545
753 527
232 635
351 754
245 411
746 720
374 561
602 860
966 469
605 139
680 254
408 289
742 364
524 951
706 782
767 139
139 939
138 345
690 282
674 291
267 55
875 794
694 370
362 778
258 577
208 412
461 70
797 748
46 544
788 465
845 800
438 350
314 344
134 71
805 217
177 736
824 549
661 190
3 956
392 433
764 839
404 678
437 399
534 535
6 412
372 756
600 911
693 254
402 937
1000 68
731 468
700 797
501 542
820 102
878 404
666 780
518 293
133 201
801 375
145 235
937 343
204 850
446 659
92 657
640 546
460 571
598 241
175 32
639 463
952 793
311 416
437 869
294 694
351 931
101 988
961 875
598 352
1000 943
340 80
378 783
876 2
969 672
986 718
900 274
60 87
356 986
529 56
21 653
861 867
141 824
575 993
736 499
711 542
904 563
161 390
137 39
509 314
755 574
380 270
956 383
541 979
638 329
90 675
714 313
370 627
633 335
234 130
149 91
243 112
888 123
617 835
195 245
830 617
181 298
183 332
577 769
372 443
220 860
293 817
148 20
367 128
295 231
595 997
997 25
817 355
512 511
290 485
928 623
953 12
521 496
925 78
515 234
512 938
842 1000
574 847
941 996
411 889
583 519
397 646
952 67
851 907
213 430
560 961
98 512
4 911
647 935
28 21
674 515
950 892
886 894
750 54
602 289
30 974
610 884
76 838
722 902
653 776
2 410
973 791
955 935
50 430
830 49
566 942
734 92
994 249
45 745
301 383
969 301
552 195
878 863
278 17
585 797
785 323
139 99
511 291
900 532
280 693
153 169
26 89
300 840
12 212
130 139
666 105
444 623
68 323
111 333
735 848
37 712
597 187
951 137
258 662
958 767
280 962
483 733
466 789
964 20
339 426
974 69
578 946
261 486
392 619
603 365
219 100
564 834
140 494
372 526
731 193
567 383
200 407
932 936
485 893
385 571
464 28
407 236
768 839
307 630
860 245
693 54
566 300
159 654
536 239
575 54
632 600
837 583
639 835
342 191
308 507
511 732
812 571
83 829
153 623
947 804
804 891
307 133
125 662
808 638
679 165
402 147
683 814
527 81
291 665
40 919
294 796
298 467
482 20
909 305
325 954
805 480
164 504
37 118
313 758
355 367
122 110
322 636
161 920
666 649
5 633
155 132
653 957
362 36
435 436
109 565
705 342
944 948
909 100
692 596
164 45
700 111
633 948
400 149
874 310
657 356
55 133
405 438
445 746
874 345
107 314
509 226
841 590
794 390
762 498
926 667
189 687
234 75
767 871
110 606
935 603
331 899
667 557
610 191
693 549
513 327
625 923
720 653
779 4
393 705
987 185
806 863
972 563
864 172
223 763
59 650
816 15
954 848
138 23
950 478
203 583
276 249
849 201
722 74
622 326
586 760
570 229
648 679
542 7
29 112
802 432
967 526
24 848
199 416
350 532
752 762
308 40
695 684
535 827
350 935
335 412
179 761
329 744
847 874
902 921
805 177
711 639
458 351
721 467
795 884
799 900
122 160
263 998
288 242
56 270
740 728
613 598
959 574
140 406
943 10
583 586
107 218
677 90
455 668
385 703
28 402
491 841
287 359
70 125
640 788
101 665
946 60
784 943
782 686
695 642
165 744
356 134
956 229
787 839
871 506
221 129
758 936
671 803
340 753
145 517
186 219
663 351
131 566
923 562
710 862
931 31
381 76
422 918
519 380
117 154
466 842
374 835
736 20
466 989
214 391
841 767
570 423
272 686
167 823
627 744
245 847
869 320
158 78
54 367
42 687
519 179
160 958
12 695
299 451
994 989
21 719
579 109
587 598
894 598
977 794
445 772
962 238
467 820
233 570
33 923
972 27
790 852
739 992
385 781
58 277
319 652
485 660
170 444
208 775
319 541
213 122
986 826
145 234
952 134
346 669
153 743
5 270
304 853
415 611
942 656
834 361
1000 513
142 344
463 595
799 670
708 276
804 250
691 756
486 798
861 866
165 827
187 351
560 723
561 448
598 579
122 376
876 289
552 119
25 281
813 272
379 932
885 142
188 978
357 997
766 387
913 587
510 221
334 47
709 225
987 451
950 245
332 564
793 62
408 220
466 814
158 904
729 844
763 478
860 226
954 107
377 631
971 632
779 76
28 981
774 193
632 240
617 124
444 904
194 983
461 331
299 112
601 656
104 984
543 674
530 639
986 77
609 994
612 391
170 126
833 470
9 52
565 23
696 986
678 798
401 322
440 152
556 702
427 498
229 546
87 580
513 533
26 704
133 300
981 936
857 250
877 7
74 756
478 82
852 955
84 301
340 151
17 412
861 563
521 710
94 130
956 873
830 790
616 414
448 48
891 772
585 593
308 548
903 835
561 197
253 660
752 93
355 386
987 200
709 641
253 517
808 110
538 283
412 715
575 772
176 744
163 498
917 709
794 48
793 311
465 654
680 843
361 333
145 572
917 310
774 609
22 410
656 64
196 409
415 185
148 356
59 899
436 772
328 96
738 567
278 594
10 212
342 364
488 870
710 561
842 585
349 583
693 482
664 152
912 366
284 697
360 463
163 620
137 393
447 172
97 490
656 923
845 457
318 91
855 144
852 19
507 14
308 85
899 682
275 132
665 524
740 112
688 411
394 538
824 171
308 452
751 848
609 895
687 568
217 758
511 684
497 278
619 687
765 997
806 41
992 918
339 644
954 725
877 380
592 500
743 599
818 874
736 465
982 729
287 509
948 473
878 542
610 136
352 760
596 331
440 120
821 710
326 172
156 182
856 987
649 557
409 272
631 442
639 228
878 888
240 700
979 163
571 427
590 523
774 690
580 613
785 447
970 885
756 166
408 374
300 188
286 379
785 584
137 67
842 395
366 965
77 430
849 413
794 310
245 584
304 22
983 846
823 929
274 131
965 83
812 182
336 647
985 798
457 713
521 732
632 185
997 975
323 16
152 731
898 570
39 212
318 277
656 616
252 9
287 538
309 126
775 369
835 26
194 33
289 339
165 480
39 379
77 724
247 36
584 760
293 268
386 638
852 541
320 486
964 739
968 742
933 892
904 78
208 683
869 554
563 467
855 523
602 485
130 746
41 477
317 400
52 763
364 181
917 825
352 533
443 718
634 183
856 101
359 370
849 940
424 241
407 984
410 44
734 21
573 137
900 719
575 975
64 423
231 5
288 703
788 808
438 865
476 172
541 134
568 998
884 832
279 480
22 293
931 945
110 648
220 88
718 459
631 135
258 317
499 403
469 155
766 503
220 463
516 684
127 403
776 817
928 776
780 873
582 421
914 995
613 745
124 258
751 359
793 323
498 459
371 875
713 436
586 650
707 249
295 82
243 293
246 900
438 469
327 701
916 494
976 177
719 539
668 543
190 207
427 235
353 469
964 402
547 650
312 89
868 412
833 457
869 283
506 275
208 873
100 175
318 226
411 780
773 86
498 542
887 88
583 835
431 438
986 827
473 228
391 578
833 132
998 930
895 962
307 109
127 340
327 732
653 738
550 106
697 550
795 113
890 49
356 885
443 859
762 119
338 530
734 241
353 74
122 377
729 407
642 951
948 695
405 928
295 716
121 327
515 157
241 954
37 577
993 139
318 774
961 725
358 7
309 577
954 278
59 102
614 212
63 598
101 495
798 415
214 710
31 500
713 229
433 173
36 890
121 530
158 905
695 162
54 46
186 478
208 378
917 213
975 579
465 254
301 528
396 868
807 288
594 341
817 498
671 491
711 686
214 130
731 20
569 369
648 81
70 116
419 682
830 328
812 307
726 297
708 876
843 719
381 516
826 499
26 157
721 239
318 15
85 256
282 3
329 726
147 933
906 410
302 70
930 516
381 870
171 89
167 495
407 348
174 569
905 729
606 476
865 710
268 661
285 529
352 622
939 636
925 545
808 305
800 684
543 684
946 227
340 118
468 163
288 537
239 864
847 353
979 281
136 605
581 437
250 359
362 381
549 215
474 851
382 888
934 531
793 733
33 848
897 655
680 41
628 743
224 229
991 599
870 876
205 707
615 56
680 1
913 566
336 140
760 245
758 512
797 944
693 101
747 273
606 596
354 993
851 271
409 736
512 703
34 207
107 527
181 268
823 973
607 842
976 972
208 358
209 51
512 143
154 232
198 550
702 625
871 37
962 386
135 348
893 250
803 718
881 722
190 33
972 894
773 379
941 949
358 841
536 241
20 450
304 591
658 316
545 446
310 671
895 334
332 501
454 636
199 109
848 865
910 451
999 714
811 669
958 373
491 448
553 349
827 682
826 971
791 847
919 378
9 531
249 246
640 923
606 218
697 606
627 797
659 100
136 746
583 190
256 524
802 952
168 27
294 591
107 30
658 930
533 726
258 52
280 612
723 824
763 715
359 188
70 305
353 995
682 40
638 308
305 64
969 41
491 925
471 645
625 116
63 537
317 761
837 482
306 618
344 649
163 207
12 476
742 70
266 204
750 940
72 51
609 508
827 421
594 104
522 413
372 334
674 304
603 730
841 705
950 45
112 899
915 776
401 717
272 723
821 995
210 387
911 291
16 712
271 896
539 912
811 151
295 62
778 468
137 420
607 888
964 447
712 336
171 624
34 804
287 796
584 195
521 270
872 22
734 815
426 476
275 163
259 614
307 882
454 903
198 180
61 831
668 329
687 735
209 628
230 862
670 395
982 425
611 401
642 820
995 14
522 642
137 675
523 892
473 824
425 957
133 500
636 923
160 318
592 465
580 902
914 378
294 899
429 895
729 265
783 620
274 620
478 468
227 596
853 744
359 83
269 807
110 943
382 176
850 414
550 523
168 277
41 553
429 434
262 997
999 669
197 150
381 270
451 279
435 846
3 626
499 3
908 311
704 564
372 418
547 990
180 541
381 172
54 242
590 32
974 387
755 250
278 779
911 406
968 248
452 425
219 430
703 848
831 367
271 900
638 895
308 232
437 396
78 406
560 433
869 393
124 80
768 174
494 326
526 31
952 426
863 316
664 286
351 488
118 493
321 141
287 313
87 418
311 878
459 59
897 541
62 228
526 823
251 189
490 927
368 511
995 42
909 989
692 202
381 931
536 630
106 734
985 241
754 526
576 978
619 916
461 203
677 705
108 151
933 450
513 864
633 784
430 68
947 218
255 209
24 899
451 580
643 66
700 17
421 528
478 579
28 662
340 672
325 436
992 223
297 659
483 964
211 437
534 947
17 539
70 392
629 263
382 281
384 168
901 925
329 79
703 513
561 40
854 919
11 75
485 16
112 892
59 839
812 127
357 86
285 281
286 82
489 358
681 864
833 793
794 513
63 132
256 176
760 662
155 930
835 68
11 390
315 107
548 615
720 260
167 59
977 235
704 941
446 118
907 704
251 906
379 177
507 134
271 105
111 366
668 403
885 915
669 70
638 629
52 120
753 221
94 471
80 129
834 54
502 936
929 874
787 116
703 264
799 969
854 172
434 283
877 5
736 999
259 348
425 100
984 245
32 194
341 440
108 469
194 686
778 947
649 66
469 484
491 577
473 993
630 225
807 895
430 497
70 40
24 880
467 108
586 474
749 638
163 359
880 243
260 743
279 325
692 738
16 3
221 86
314 872
154 145
874 352
413 612
451 433
73 455
153 95
944 382
747 131
289 559
515 265
249 428
176 935
28 920
764 341
822 482
551 736
24 347
996 561
137 604
961 65
940 40
742 228
870 425
180 725
327 614
453 679
989 533
849 226
703 795
190 426
101 117
854 669
915 779
224 512
243 284
636 349
301 644
860 405
94 657
996 117
686 777
194 219
90 24
20 451
521 354
815 512
156 131
138 946
652 648
77 703
133 253
592 504
566 589
713 911
477 794
113 235
630 432
852 618
49 835
66 803
782 149
655 393
584 253
705 920
809 963
191 617
585 738
655 318
179 113
416 653
64 987
109 784
80 538
524 587
304 750
856 395
88 53
627 129
86 502
407 110
340 395
503 681
257 937
761 131
980 91
377 138
250 177
715 734
329 111
538 381
892 608
230 473
119 485
132 510
396 395
714 410
219 616
789 428
827 873
679 968
974 1000
791 242
704 156
248 8
746 779
93 992
646 638
426 725
245 677
266 890
343 376
608 983
770 442
438 84
296 557
336 746
10 359
975 62
343 489
400 635
993 924
64 904
83 506
859 887
987 186
609 364
775 77
483 587
142 634
343 207
381 376
833 705
742 787
724 762
105 366
768 84
253 318
536 48
523 282
483 297
531 759
803 634
826 313
789 691
204 501
96 726
960 891
171 132
214 58
682 792
440 227
4 812
155 648
232 11
824 73
186 954
207 724
725 587
230 863
213 99
218 459
913 884
130 633
778 617
356 637
817 965
948 153
203 482
885 795
69 189
891 849
892 526
35 701
862 178
139 398
66 553
748 205
697 257
331 407
259 178
425 862
745 849
395 946
912 344
895 159
218 783
918 450
448 792
675 715
758 827
805 884
611 957
517 794
466 31
107 394
272 229
348 912
476 93
261 871
410 383
582 249
783 946
223 917
794 409
585 52
859 266
336 726
483 649
357 160
418 36
992 385
846 476
872 695
195 170
340 833
971 829
972 594
658 630
385 326
346 181
497 775
243 295
1000 170
263 498
694 946
811 386
622 208
152 517
938 243
565 48
566 491
270 212
695 653
276 982
997 421
714 685
731 345
717 806
222 348
557 829
380 577
341 50
591 126
622 925
203 49
995 45
299 610
708 718
378 41
161 517
273 67
899 787
57 596
701 131
938 823
316 231
333 831
803 163
734 469
256 942
829 63
633 678
760 223
514 537
967 337
603 516
79 369
828 249
22 800
176 624
636 670
841 354
35 439
157 519
796 974
266 577
528 372
583 278
235 172
533 525
810 702
206 479
957 701
227 127
210 221
913 703
755 514
168 498
421 992
305 458
832 777
54 770
236 929
359 618
341 491
84 541
505 960
241 666
572 826
81 881
443 374
945 968
388 624
743 677
764 897
447 471
695 301
823 792
147 491
76 387
99 994
600 849
877 559
768 109
591 413
554 249
211 865
933 766
685 569
584 340
432 545
416 166
513 840
200 605
976 46
354 398
959 191
229 990
322 80
401 327
365 14
882 952
886 592
902 981
173 987
523 512
854 50
751 686
592 237
259 718
901 131
619 708
160 409
950 880
577 200
448 388
620 298
450 558
625 196
364 104
239 908
799 750
122 86
875 380
216 15
294 726
715 420
657 174
207 192
844 703
62 733
266 658
652 557
692 636
107 52
923 975
24 992
230 513
690 109
874 478
512 885
585 769
468 387
538 137
996 845
250 583
628 217
275 894
538 56
797 18
832 789
687 409
242 702
656 67
125 298
606 715
55 67
976 672
594 243
225 380
752 482
163 162
111 856
348 382
205 291
833 843
462 285
154 594
873 90
627 103
719 703
785 941
551 854
148 710
168 953
423 35
501 783
281 766
138 849
218 35
169 637
651 661
604 915
329 871
200 633
94 545
479 233
887 252
271 253
679 208
649 5
542 344
658 333
472 200
517 6
682 954
689 897
999 708
393 464
530 147
507 990
808 497
458 182
222 423
576 195
304 784
340 182
447 251
365 421
592 777
852 841
535 324
882 608
575 583
135 570
579 640
766 514
969 380
731 845
365 711
518 813
867 413
687 238
943 848
881 693
109 706
607 327
645 678
429 59
747 64
902 869
736 447
341 810
979 21
616 782
453 326
590 697
270 238
573 437
447 696
818 316
379 734
971 431
325 284
550 975
241 721
827 54
103 411
909 548
949 599
987 268
91 371
435 997
461 93
564 297
391 822
939 141
488 837
675 251
358 88
320 910
228 783
409 627
160 551
640 241
42 605
604 570
704 712
544 925
618 258
581 670
910 636
342 386
657 604
704 871
870 802
87 186
419 868
994 932
721 164
479 188
82 982
358 875
342 108
334 401
964 693
117 932
602 80
380 390
908 730
857 134
964 750
798 621
752 299
625 51
933 202
809 948
517 395
169 21
226 94
942 632
744 671
360 648
198 152
353 321
100 714
947 83
966 157
179 253
291 919
404 199
645 504
204 664
478 331
724 423
727 960
453 488
529 87
255 63
168 249
335 119
652 283
348 210
550 702
3 201
576 373
871 502
84 804
927 288
50 852
126 187
626 487
496 900
732 783
605 55
665 194
215 336
241 765
143 702
137 522
853 810
932 703
880 760
577 824
979 764
466 985
486 412
418 148
402 625
21 489
484 181
814 889
110 203
133 880
975 537
600 997
251 883
103 754
960 809
826 474
440 17
739 919
426 44
281 807
255 953
494 311
702 248
540 755
652 917
378 340
216 359
787 90
296 220
402 68
578 45
636 219
298 736
503 300
288 163
416 1000
348 606
97 533
208 650
709 998
268 748
394 819
622 781
857 956
145 8
67 698
437 864
576 980
409 435
778 876
684 842
22 801
39 893
26 172
120 703
46 171
356 967
888 992
433 358
197 453
568 679
18 568
331 515
136 563
818 19
177 153
839 939
3 293
282 500
177 234
107 361
196 968
867 691
870 214
230 113
289 775
272 337
421 880
232 597
950 201
189 921
63 928
817 132
604 68
771 599
370 334
779 64
183 504
441 9
868 672
980 822
177 519
513 941
716 620
807 263
241 340
846 808
452 453
479 982
349 784
372 912
18 404
401 548
953 23
631 496
199 356
61 643
854 448
602 153
312 999
540 727
479 5
869 404
644 798
138 623
213 425
285 972
75 440
312 854
260 30
562 906
246 419
1000 323
723 895
829 352
353 431
613 537
504 557
8 204
982 326
490 512
329 390
78 991
903 124
801 624
342 592
936 265
187 657
682 905
544 222
989 795
982 544
87 900
625 293
398 593
383 61
3 99
665 637
975 719
842 46
382 895
975 206
705 510
266 610
729 496
108 636
448 865
453 208
735 718
816 476
581 212
425 459
700 166
519 674
318 801
407 592
486 235
658 750
337 345
374 540
71 980
275 607
239 619
879 358
347 49
578 911
131 700
546 337
975 544
924 726
357 473
12 740
877 530
219 488
792 349
310 961
738 900
928 384
480 47
413 456
845 453
242 154
5 142
523 321
428 523
30 339
640 419
697 54
578 371
30 738
443 200
94 433
55 853
482 463
778 736
835 465
899 588
386 521
99 42
467 462
765 993
566 754
626 297
256 453
523 781
655 312
17 124
990 937
347 953
670 469
335 380
140 382
88 55
951 518
882 609
597 263
815 55
545 535
661 745
202 402
369 643
687 233
780 317
18 19
650 557
990 346
206 485
316 381
762 739
452 877
1 467
375 674
934 653
774 694
315 63
227 795
286 492
658 579
625 700
220 112
370 549
334 504
76 663
702 935
258 708
633 266
281 157
784 260
362 784
970 595
831 406
564 819
285 302
196 159
988 915
258 998
977 390
200 119
134 93
543 435
158 87
327 580
185 219
850 799
302 898
256 851
217 682
594 280
323 306
825 20
927 168
497 123
754 130
171 134
394 964
262 723
213 271
802 316
56 70
347 473
954 611
167 338
83 879
544 747
564 230
401 270
184 234
692 870
459 16
540 799
744 994
709 880
670 398
450 885
469 215
345 89
459 993
441 622
752 343
748 809
358 765
482 53
523 809
861 631
843 212
672 421
575 533
142 496
291 918
933 43
153 985
61 224
546 896
933 444
221 506
852 76
946 217
502 461
326 799
218 956
442 360
745 625
448 905
603 895
220 165
331 836
25 433
723 70
210 911
525 452
504 400
159 90
913 610
733 97
58 299
167 639
872 923
104 549
372 833
943 570
253 156
200 24
145 905
737 215
242 655
79 256
337 161
170 539
556 252
388 670
392 601
211 617
106 369
436 642
517 743
2 596
300 337
980 787
641 139
181 242
47 729
62 558
949 253
683 417
612 281
575 151
688 377
281 693
817 603
217 823
272 976
935 15
920 796
523 393
446 40
657 671
341 222
214 68
467 919
119 89
377 554
485 671
325 714
877 909
218 314
200 769
130 936
170 441
503 839
526 826
790 767
791 658
939 391
152 979
618 842
144 931
491 508
878 760
869 987
1000 518
549 989
990 97
690 126
976 127
80 740
562 344
785 63
568 313
535 399
7 134
889 387
598 469
670 934
490 350
199 634
628 536
915 201
2 69
353 959
886 323
358 168
888 419
897 659
375 114
690 425
249 751
15 878
72 144
779 436
48 233
690 312
672 787
654 871
767 38
383 557
721 662
212 400
962 664
279 742
301 874
803 504
914 963
555 523
529 853
874 167
175 934
234 430
519 125
45 502
121 880
582 679
270 485
99 404
203 514
440 464
385 465
940 357
281 736
484 57
160 991
843 626
259 901
134 327
564 440
566 346
18 292
613 829
94 587
721 227
775 458
816 697
321 253
263 758
255 604
366 287
919 543
151 625
265 278
910 454
752 406
90 293
114 671
756 786
688 722
446 294
168 242
655 438
811 665
588 123
290 786
113 349
956 759
803 877
61 981
834 215
856 259
449 51
6 965
786 82
208 780
916 945
297 167
26 495
479 331
227 290
485 998
415 723
403 975
864 246
282 132
675 935
417 939
680 783
475 169
60 113
117 64
325 619
931 670
886 33
790 199
439 495
386 25
685 403
942 2
292 211
225 144
211 485
504 89
529 824
35 179
534 75
137 871
83 159
432 421
569 868
641 311
469 918
570 723
662 239
139 46
91 361
718 182
101 144
67 256
506 800
23 687
688 84
582 624
361 140
966 979
93 605
404 408
65 656
851 625
501 153
769 294
453 821
21 657
688 178
247 313
85 462
42 499
650 242
247 430
949 422
661 466
706 189
997 362
14 228
734 599
113 31
646 281
562 988
405 824
427 469
548 971
623 401
347 666
773 938
961 410
908 647
797 707
801 305
252 533
623 518
790 679
528 558
387 240
226 952
299 940
804 583
183 522
772 826
633 755
207 384
325 821
499 638
448 128
196 550
571 530
516 369
476 342
594 657
699 801
706 515
853 720
378 688
931 698
71 631
438 926
230 476
439 96
477 301
941 158
192 419
410 358
65 315
538 26
851 209
836 795
802 919
71 810
76 656
681 626
276 306
393 634
677 910
84 599
103 405
788 341
715 799
864 51
499 216
751 253
278 140
750 547
37 968
972 766
833 853
392 525
68 978
772 976
833 710
604 851
626 823
842 840
772 615
997 172
968 958
750 282
981 632
523 364
156 371
602 175
388 868
750 95
91 942
846 562
890 610
655 200
971 303
743 771
320 507
999 661
854 120
506 474
273 971
740 375
448 351
275 7
624 792
370 805
19 392
282 986
834 287
726 785
506 188
344 15
682 347
791 879
938 737
460 669
616 475
299 793
766 941
179 255
151 125
67 894
897 553
715 366
678 374
37 374
745 743
966 445
112 392
280 580
425 637
463 477
378 583
508 762
126 185
770 123
220 166
918 35
957 519
687 482
763 856
858 800
694 474
969 201
774 546
364 762
836 895
374 810
508 472
73 365
280 913
23 619
708 433
309 266
456 242
774 332
996 500
194 602
806 314
134 62
816 33
10 120
105 190
881 525
272 819
704 726
464 75
797 263
747 213
533 509
826 361
898 650
593 34
167 19
775 336
780 682
105 472
507 92
915 181
939 75
65 890
87 457
878 44
91 906
735 493
898 940
670 344
85 216
657 559
109 34
60 554
721 416
423 600
698 924
543 891
443 515
269 511
950 794
592 290
406 356
283 491
160 350
398 968
700 344
293 158
476 773
518 969
368 390
178 78
643 168
165 852
352 677
169 273
338 392
117 533
288 609
990 128
24 903
813 761
327 748
748 466
18 585
183 897
974 948
944 711
374 532
527 760
487 271
415 50
755 519
40 288
281 58
769 114
931 80
917 397
850 160
536 346
551 760
862 523
617 836
837 311
430 631
755 978
367 24
828 542
902 509
985 857
984 772
860 367
110 378
592 533
275 636
320 968
427 44
360 473
712 142
567 272
479 976
831 143
690 893
132 414
831 28
302 810
85 410
433 905
655 866
566 347
324 594
532 223
994 618
777 208
924 769
581 888
722 8
518 361
498 766
134 31
355 13
679 390
114 668
740 440
104 410
982 469
913 306
386 722
403 752
740 271
57 629
79 752
78 989
395 529
454 29
235 990
368 253
648 415
724 362
688 896
487 252
771 475
865 276
49 743
469 706
770 769
192 821
292 220
700 49
684 41
106 242
303 572
328 136
736 261
898 236
607 514
353 843
283 928
561 818
875 842
107 740
879 642
280 858
387 926
777 956
310 10
348 377
578 794
185 3
232 450
730 577
492 780
823 968
275 718
183 425
404 409
359 458
225 716
580 82
104 939
711 760
342 357
897 360
665 756
472 455
9 376
318 498
564 494
627 390
864 596
994 927
890 732
285 140
986 43
90 484
19 32
562 842
12 205
756 632
588 186
165 327
592 61
419 939
332 504
725 591
363 815
568 182
75 422
331 48
350 236
351 189
777 430
155 462
87 727
515 638
502 996
937 144
540 987
133 411
616 337
378 108
169 634
577 90
299 828
486 766
880 53
554 826
207 304
763 480
322 742
400 36
734 35
149 631
117 205
260 560
64 81
463 75
106 820
73 133
621 676
957 369
465 595
837 203
949 702
896 691
73 22
776 573
245 304
942 142
913 644
628 375
131 707
280 775
888 476
563 708
33 593
180 992
490 216
400 736
372 292
108 844
476 978
997 888
819 780
509 846
367 80
885 531
816 6
360 386
134 472
767 723
333 675
224 689
78 268
669 375
134 412
159 565
162 251
59 11
848 262
3 985
833 630
581 556
753 314
366 506
795 702
522 986
733 713
569 29
221 786
117 929
243 538
190 55
427 419
467 654
229 531
285 769
553 625
200 743
539 546
463 634
842 37
472 167
395 42
724 476
138 799
925 706
330 924
867 79
133 511
464 970
219 982
765 884
415 517
273 244
804 204
631 879
634 177
597 43
835 890
537 976
888 572
237 17
818 923
302 248
586 399
624 86
571 561
645 630
294 620
390 623
42 189
799 449
201 116
951 443
810 873
135 846
288 915
21 163
870 184
853 838
712 806
732 185
587 459
873 266
962 690
873 501
581 972
339 433
585 393
310 242
862 959
404 115
542 825
548 362
471 37
388 559
432 987
203 536
560 39
321 501
363 862
200 470
811 246
606 355
355 818
599 15
376 759
329 405
656 985
752 654
569 456
116 761
688 458
906 273
265 111
682 403
859 869
949 413
987 299
494 314
152 567
269 416
772 265
810 68
61 862
152 934
299 713
191 463
144 534
398 175
591 346
97 554
173 661
946 407
554 208
576 952
848 957
66 822
49 536
321 851
610 219
402 500
478 155
540 178
615 590
710 358
782 883
434 37
476 360
26 171
154 484
972 456
288 610
880 204
404 620
745 706
712 533
647 78
602 905
933 303
5 860
136 901
448 919
175 620
344 552
831 869
318 776
580 443
50 48
395 1
604 289
976 696
666 140
315 470
994 425
786 750
876 589
2 788
556 339
940 946
849 51
85 869
233 50
769 62
42 616
793 176
498 406
319 132
820 671
430 743
641 100
471 457
702 607
484 84
342 350
366 80
863 971
974 275
906 211
844 559
910 571
832 122
458 730
259 903
533 643
28 455
812 379
240 414
937 520
96 658
119 142
284 481
602 100
802 354
824 150
647 526
125 650
539 490
317 472
892 364
655 432
382 678
147 649
74 856
209 704
571 394
964 944
588 964
240 90
277 683
169 82
278 348
28 307
654 235
52 237
70 914
696 285
972 506
832 173
9 586
602 587
452 598
783 562
645 573
903 713
156 542
92 668
255 240
24 996
791 188
653 115
503 143
197 55
325 2
145 676
735 210
657 257
783 833
184 941
297 754
27 521
175 753
470 739
595 58
82 27
854 837
475 568
508 257
988 331
326 662
613 418
337 239
67 258
358 263
842 624
368 771
511 53
846 24
652 966
543 472
176 186
968 166
266 391
217 595
215 1000
189 261
312 313
493 985
122 720
48 723
485 354
967 546
682 926
422 413
744 235
912 919
488 297
859 298
420 694
1000 388
96 72
198 605
695 753
649 9
264 105
7 723
673 403
783 82
492 186
713 946
218 496
386 516
994 337
340 550
99 47
527 89
844 499
277 862
446 595
584 816
566 864
807 590
39 544
724 280
248 593
113 206
247 925
681 43
994 34
654 374
850 151
87 933
205 814
321 549
303 765
884 708
580 733
266 517
158 527
527 642
743 16
980 326
358 118
968 262
70 442
326 976
275 926
112 588
645 836
551 749
281 241
286 354
822 336
951 116
257 104
519 272
297 895
689 45
803 37
453 612
510 367
634 931
600 751
582 451
37 123
220 256
849 176
557 255
372 507
2 711
33 291
640 245
215 31
418 255
722 337
426 274
836 213
47 710
267 974
640 100
327 726
328 752
826 339
495 364
869 415
391 609
107 531
384 721
459 311
441 800
78 559
378 461
473 503
626 23
93 422
627 274
555 17
558 341
868 40
373 598
389 209
514 970
603 560
458 500
204 208
811 312
191 426
583 852
804 903
965 535
949 346
874 975
205 964
749 509
21 833
146 232
682 438
956 697
744 643
127 270
575 534
390 834
469 423
184 553
496 331
500 259
485 189
3 188
98 354
465 557
942 761
931 856
878 799
767 555
565 437
951 442
214 270
577 609
686 61
369 795
569 817
590 665
991 265
477 416
137 957
28 942
837 448
589 210
805 546
577 899
470 922
590 955
202 984
849 259
599 994
922 497
546 293
388 959
767 609
129 803
665 401
685 814
816 35
671 367
983 73
271 893
163 604
847 355
152 491
283 317
635 636
